-1.2448,-0.014774,-0.014322,-1.246,0.0032962,0.010463,-0.0095095,-0.0062954,9.2991e-005,0.015927,-1.2377,-0.0039998,0.0071414,-1.249,-0.0025354,-0.021272,0.0082619,-1.2669,-0.0043436,-0.013642
3.6519,0.0052032,-0.011284,3.6749,0.0053132,0.003761,-0.0037584,-0.0049673,0.0089445,-0.013966,3.6733,-0.0052686,0.014583,3.6516,0.0042606,-0.0045731,0.0025631,3.6714,-0.0046938,0.012422
-2.3603,-0.0041573,0.01485,-2.3489,-0.018706,-0.029451,-0.0097603,-0.017792,0.015508,0.0099661,-2.3664,0.014548,0.0041059,-2.363,-0.0031157,0.015685,0.002654,-2.3813,-0.0021555,0.0046899
3.135,-0.015567,-0.0055033,3.1316,-0.0095649,-0.0008021,0.0028451,-0.0040729,0.0033168,0.0079043,3.125,-0.0030522,0.0036332,3.1147,0.00098409,0.01914,0.013104,3.1482,-0.0061926,0.0068634
0.011275,-0.012259,0.014166,0.0098066,-0.0020643,0.0066505,0.0068632,0.0067034,-0.0058655,-0.00041078,0.012943,0.0054447,-0.013713,-0.0018075,0.0067434,-0.0038072,0.00012574,0.011198,-0.0063163,-0.016592
-1.2194,-0.019052,0.0023947,-1.2084,-0.0035431,0.008691,0.0062027,-0.015693,0.007406,0.0025742,-1.201,0.0090101,-0.003387,-1.212,0.0049906,-0.017351,-0.0060819,-1.2201,-0.018175,0.019003
-2.103,0.0091853,0.0074774,-2.1183,-0.01012,-0.0096743,-0.0013029,-0.0028025,-0.013002,0.0091105,-2.0852,0.0082857,-0.00655,-2.0987,0.016584,0.010829,0.0025942,-2.098,-0.0070586,0.013189
0.42433,-0.0072094,0.0075387,0.42162,-0.015562,-0.0080261,-0.0084441,-0.0034833,0.011267,0.010467,0.42581,-0.0019963,-0.013852,0.43381,0.0097019,-0.0075967,0.017196,0.4221,0.0071277,0.0045151
-2.4694,0.0026451,-0.006031,-2.4676,-0.0077721,-0.0060885,-0.017002,-0.010963,-0.00079095,0.00093571,-2.4526,-0.0084289,0.014204,-2.4681,0.0025883,0.021906,-0.008024,-2.4526,-0.013226,0.0049948
-2.6091,-0.004413,-0.01634,-2.6121,0.0075173,-0.011163,-0.0040012,0.0045283,-0.0036861,0.012707,-2.6297,-0.01638,0.0081397,-2.6052,-0.010982,0.0098057,-0.0093934,-2.5911,0.0062822,-0.00054365
-0.6901,0.0088618,0.018664,-0.68097,0.01621,0.0062423,0.012966,-0.0067424,0.0016778,0.007103,-0.69212,0.001049,-0.013152,-0.69037,-0.0014838,0.0054004,-0.0062765,-0.7067,0.0047912,0.0022056
-0.29025,0.011165,-0.00077586,-0.26896,-0.005177,0.0079453,-0.0084889,-0.0031298,-0.0031012,-0.0064607,-0.28425,0.011413,0.023585,-0.29667,0.015636,-0.00081716,0.012446,-0.28124,4.665e-005,0.0022615
-0.015017,-0.0011635,0.0063643,-0.00091971,0.0037543,0.0069388,-0.0019172,-0.024993,0.013421,-0.0007564,-0.0099672,0.0012753,0.0084263,0.0011467,-0.0057905,-0.018497,-0.0051422,-0.015388,0.005422,0.0070795
-4.4957,0.0058489,-0.0049486,-4.4994,-0.015662,0.0017284,0.0087327,0.0012552,-0.014917,0.0079223,-4.5017,-0.001959,-0.0018508,-4.4812,-0.0022404,0.0020932,0.0071507,-4.4966,0.0024202,-0.0028497
2.2912,0.013429,-0.0064967,2.2703,0.00077434,0.00042275,-0.011022,0.0029056,-0.0057678,0.0011086,2.2728,-0.0030043,-0.0025109,2.2816,-0.0087668,0.0046865,-0.0083302,2.2715,0.0015084,-0.0039687
4.4622,-0.02137,0.0045166,4.4561,0.0010522,0.0097146,0.021862,0.0015706,0.0035148,-0.0040915,4.4518,-0.014541,0.0034772,4.4564,0.0010904,0.012493,-0.0074912,4.4464,-0.014036,-0.005545
2.7642,0.00075329,0.0057188,2.7819,-0.0012913,-0.0072108,-0.0008515,0.0167,-0.0083218,0.015433,2.7744,-0.01633,0.013726,2.7677,-0.010789,0.0031439,-0.020816,2.7619,0.0053291,-0.01537
2.8479,-0.0015107,0.0033014,2.8585,-0.0025727,0.024297,0.00067869,-0.0079591,-0.0091498,-0.0055559,2.8738,-0.0040089,0.0072865,2.8553,0.0092179,0.0086837,-0.0038161,2.8845,-0.0067975,0.0032414
1.5583,-0.025774,0.006569,1.5617,0.0052636,-0.0017217,-0.0056509,0.010756,0.006912,-0.0099678,1.5412,0.0044672,0.0029657,1.5322,0.015519,-0.0034598,0.007329,1.5661,-0.023143,-0.015239
-0.58406,0.0056968,-3.4571e-005,-0.60289,-0.0098947,0.0044902,-0.0019088,-0.010762,0.0016629,0.011432,-0.59085,0.010678,0.0052072,-0.59517,0.010919,-0.0006583,0.014147,-0.60097,-0.023118,-0.0015941
4.0305,-0.016198,0.021423,4.0291,0.001603,-0.011514,0.0041091,-0.00040259,-0.011439,-0.0083204,4.023,0.00094095,0.011115,4.0286,-0.012617,-0.000731,-0.011631,4.0463,0.0018643,-0.0033046
-1.8426,0.011773,-0.0095896,-1.8485,0.0077154,-0.0045549,-0.010382,0.00090464,0.0070871,0.0020365,-1.8428,0.00036977,0.0040572,-1.8265,-0.003139,0.00081996,-0.0087823,-1.841,-0.0067153,0.010597
-2.0921,5.913e-005,-0.001866,-2.1183,0.019062,0.0045966,0.009265,0.00052186,-0.013203,-0.016225,-2.1026,-0.027696,0.00028319,-2.0561,0.0090259,0.0093559,0.00010287,-2.1027,-0.0011148,0.0020477
-0.92393,-0.017805,-0.0070622,-0.91648,-0.0027486,-0.00031653,-0.0067342,-0.02502,0.0094317,0.0049858,-0.90909,0.012542,0.001873,-0.92808,-0.01265,-0.0068795,-0.005027,-0.91927,-0.0010745,0.0031903
-1.4815,0.022115,-0.021678,-1.4912,-0.019548,0.0071393,0.0021602,0.0022953,-0.00090949,-0.0038605,-1.5026,-0.0089971,-0.019006,-1.5032,-0.011776,0.011038,-0.016865,-1.5086,-0.0010272,0.01035
-0.53695,-0.0056566,-0.0073687,-0.53693,0.0063462,0.0099596,0.0062948,-0.016674,0.011637,-0.008152,-0.53869,0.0060668,-0.0009655,-0.5379,0.012653,0.0023857,0.0045615,-0.54399,-0.0063609,0.0015061
-3.6968,-0.0091357,-0.0057417,-3.687,-0.016505,0.010149,0.014206,0.0084542,0.0080076,-0.018866,-3.6881,-0.0098227,-0.0091907,-3.6837,-0.0045987,-0.0026135,0.00094891,-3.6819,-0.012161,-0.013485
-0.46456,0.004178,-0.00051896,-0.4788,-0.0014127,-0.0053624,0.0023361,0.012161,0.0045583,-0.011851,-0.46684,-0.0065489,0.0080987,-0.48618,0.00092936,0.0099853,-0.0094911,-0.46956,0.020586,3.5998e-005
-0.34541,0.012718,-0.0018539,-0.35846,-0.0012109,0.0068553,0.0031905,-0.00038303,-0.0091206,-0.0093431,-0.34711,-0.0064687,0.0114,-0.34347,0.0035868,0.00015181,0.011156,-0.35124,-0.0031409,-0.0051019
-2.5512,-0.0057139,-0.0021577,-2.5699,0.010837,-0.010964,0.0012016,0.01077,0.018219,0.018129,-2.5574,0.0049021,0.010933,-2.5747,-0.020215,-0.0062644,0.0034746,-2.565,-0.0053522,-0.020674
0.55942,-0.022647,-0.010206,0.56581,-0.00254,0.0033166,0.006003,0.010384,-0.015279,0.0075793,0.56848,0.022743,-0.0019563,0.56691,0.001941,0.020349,0.0075249,0.56523,0.0094454,0.0018086
1.215,-0.013867,0.0034773,1.2372,0.0092471,0.0055532,-0.0097525,-0.012,-0.0058846,0.016281,1.2155,0.0076217,-0.00067558,1.2028,-0.003534,0.0083518,-0.0025975,1.2092,0.0088292,0.0053995
-4.4651,0.0078008,0.011381,-4.471,-0.0089556,0.01444,0.013416,-0.00067035,-0.016561,-0.0038354,-4.481,-0.010769,-0.018266,-4.4802,0.0029537,0.0022158,0.00064861,-4.4497,-0.02436,0.0039715
-4.1734,0.01183,-0.015916,-4.1743,-0.00046209,-0.015352,-0.0051359,0.01218,0.0091999,-0.016148,-4.1776,0.0067619,-0.011964,-4.1929,0.012441,-0.014276,-0.003706,-4.1857,0.014618,-0.0040516
-3.993,0.0017562,0.00041,-3.9967,-0.0089117,0.0023819,0.0072443,-0.0079235,0.027417,-0.013198,-4.0082,0.0083879,0.0076447,-3.9959,0.013624,-0.000745,0.0068806,-3.9926,-0.00094916,0.0044274
-1.0889,0.0099924,-0.01307,-1.0841,-0.0099039,0.023288,-0.0029678,0.0071091,-0.00079847,0.0038486,-1.0931,0.0042393,-0.0033235,-1.0839,0.018481,0.0069714,-0.0072949,-1.0985,-0.0084204,0.0074422
0.17007,0.0037669,-0.010673,0.18455,0.030823,0.01496,-0.0097308,-0.011104,-0.021863,-0.00094136,0.16976,0.0059946,0.0066317,0.18897,-0.0034375,-0.0042169,0.0087321,0.18296,0.0012189,0.010944
-1.1874,0.0057007,-0.0075543,-1.19,0.010194,-0.0032107,0.003497,-0.0079232,-0.011222,0.0071281,-1.1784,0.0040972,0.0052431,-1.1978,-0.0090577,-0.01365,0.0015801,-1.1928,-0.012324,0.0018609
4.0103,-0.0046032,0.0048493,3.9959,0.0044336,0.0023618,-0.0073518,-0.013577,0.011374,0.0084368,4.0102,0.0063521,-0.0092937,3.9977,-0.0089694,0.028379,0.011948,3.9859,0.011286,-0.012143
-3.3306,-0.0069081,-0.0036008,-3.3209,-0.0047516,-0.0029946,-0.0077351,-0.012075,-0.0053198,-0.0018395,-3.3231,-0.014296,-0.0081698,-3.319,0.0068787,-0.0091311,-0.0024682,-3.338,0.0018902,-0.0061774
2.6774,-0.0014764,-0.0045912,2.6826,0.011095,-0.0094319,0.011208,-0.015192,-0.0078167,0.012245,2.6462,-0.0022082,0.0012687,2.6632,-0.0031155,-0.0063835,-0.014004,2.6703,0.0053795,0.0039374
0.52762,0.0080147,0.011932,0.54534,0.009169,0.0030514,0.0028322,0.0082256,-9.0215e-005,0.011138,0.54416,-0.0035306,0.0057017,0.51884,0.013219,-0.027489,-0.005522,0.53599,0.0090924,-0.0047061
-3.953,-0.0017922,-0.010955,-3.9578,-0.026943,-0.012938,0.00070508,0.028115,-0.0099785,0.012974,-3.9827,0.025069,0.0077299,-3.9512,-0.00040916,-0.0022821,0.0030069,-3.9399,-0.0034494,0.0055596
2.3071,0.0079694,0.0083286,2.3142,-0.00043535,0.0077931,-0.0043107,-0.017094,-0.005074,-0.017028,2.3073,-0.0047122,-0.0031532,2.3197,-0.015033,0.0046269,-0.0090635,2.3139,0.0099206,0.010182
0.7305,-0.0080721,0.011609,0.74025,0.0039502,-0.0057523,0.02404,0.017196,0.014169,-0.0094815,0.74893,0.012248,-0.0081085,0.72955,0.0096562,0.0040629,0.0076195,0.74298,-0.0013547,-0.0054669
2.472,0.0023033,0.0005363,2.4694,0.010265,0.003121,0.00093378,0.0096019,0.012633,-0.014845,2.4765,-0.010321,0.00099846,2.4602,0.0035813,-0.0061594,0.0061435,2.4826,-0.017629,0.021331
-1.446,-0.017067,-0.0093979,-1.4389,-0.010555,0.0040612,-0.0042557,-0.0018861,0.0035524,-0.011596,-1.4493,-0.0014303,0.014916,-1.4548,-0.0073839,-0.010566,-0.014254,-1.4247,-0.00096884,0.0024373
1.5293,-0.018718,0.010505,1.5362,-0.0084036,-0.0055038,0.0056075,0.011968,-0.0052391,0.002651,1.5215,-0.016155,0.0065724,1.5317,0.0036794,-0.016116,0.01042,1.5233,0.0094601,0.0065835
2.8934,-0.023551,0.004825,2.9072,-0.0012257,-0.0050984,-0.0076452,0.0030007,0.010513,0.0010714,2.8974,0.012834,0.007827,2.91,0.004948,0.012664,-0.0037801,2.8974,0.0097916,-0.0071128
-2.9624,-0.014882,-0.012743,-2.9703,0.0076688,-0.012576,0.0076857,0.018841,0.0077167,0.00023099,-2.9455,-0.0045781,-0.011539,-2.9579,0.020762,0.018172,0.0021551,-2.952,0.010616,0.017297
