0.0034554,-0.0054723,-0.011511,3.7942,3.7829,3.7953,0.022968,3.1994e-005,3.7821,-0.0068612
0.010906,-0.0047866,0.0030197,2.2507,2.251,2.2504,-0.014818,0.0079699,2.2621,0.0040679
-0.0015752,-0.0024818,0.0019237,3.462,3.4599,3.4591,0.013039,-0.0012464,3.4571,0.0037495
-0.0068206,0.00175,0.00053697,-0.062911,-0.064242,-0.068457,0.0031402,-0.014291,-0.054488,0.0027283
0.0059017,0.00058145,0.0036676,1.1518,1.1376,1.1679,0.014221,0.0029291,1.1552,-0.0079726
0.002718,-0.008034,-0.0038097,1.2284,1.241,1.231,0.0032055,-0.0099403,1.2393,0.0069117
0.0058899,0.011049,-0.0011615,-2.0609,-2.0857,-2.0668,-0.011415,-0.005961,-2.0455,0.0099622
0.0071836,-0.01725,-0.0048934,-3.5025,-3.4997,-3.5197,0.010129,-0.014671,-3.5023,0.0015032
-0.0017664,0.013926,0.0018324,0.23769,0.22233,0.22207,-0.009576,0.0049713,0.23924,0.0069611
0.0035059,-0.0036577,0.0043564,2.7143,2.7183,2.7349,0.010245,0.00068842,2.7268,-0.012062
0.010244,-0.012958,0.015499,-0.18213,-0.19456,-0.20004,0.0070737,-0.0023119,-0.1884,0.014281
-0.010593,-0.010893,0.0013756,-2.0175,-2.026,-2.0101,0.0011208,-0.004966,-2.0282,-0.0014795
-0.0011409,0.0061173,0.0010631,1.7709,1.7484,1.7599,-0.0022934,-0.025778,1.7595,-0.01642
-0.0084052,-0.0099948,-0.0059006,-0.012683,-0.030205,-0.0059911,0.011646,-0.0084605,-0.021306,0.010139
-0.010393,0.0028096,-0.00036116,2.4947,2.4944,2.4908,0.012264,-0.0011776,2.5042,-0.0035974
0.0036477,0.0029305,-0.02178,-2.9316,-2.9263,-2.9436,0.015674,-0.0053115,-2.9263,0.0022089
-0.0010314,0.017786,-0.0024706,-0.22548,-0.2136,-0.21066,-0.0053399,-0.0055416,-0.21086,0.0094273
-0.0026012,-0.0018391,-0.0051086,-2.9196,-2.9006,-2.9127,0.019091,0.0047239,-2.9232,0.014261
-0.0098005,0.0026417,-0.00087632,1.177,1.1818,1.1861,-0.017624,-0.011453,1.1905,-0.0025609
-0.0078361,0.007753,0.00067372,-2.0799,-2.1054,-2.0742,-0.0080564,-0.0015361,-2.0817,0.00020301
-0.0099731,0.0063517,-0.011567,-4.196,-4.2047,-4.2064,0.010707,0.0022666,-4.2012,-0.0051198
-0.00039411,0.0049258,-0.00034802,-2.7558,-2.776,-2.7781,-0.010162,-0.012459,-2.7791,-0.0047144
-0.0014856,-0.028937,-0.0093284,-3.2274,-3.2263,-3.2337,0.011674,0.017244,-3.2238,0.008128
0.013408,-0.02271,0.018791,-2.4367,-2.4223,-2.4033,-0.010957,0.010545,-2.4148,0.013641
-0.0091069,-0.0024517,-0.0023707,-0.65563,-0.6722,-0.66518,-0.0068653,-0.011395,-0.67397,0.0011836
0.0040147,-0.0093338,0.001915,0.8532,0.88822,0.8872,-0.030967,0.00029593,0.88029,-0.015561
0.014419,-0.0063969,0.0022465,-2.3002,-2.3013,-2.3037,0.0028234,-0.00027675,-2.3083,-0.0022607
-0.011269,0.011451,0.0011957,-2.1041,-2.1082,-2.1321,0.0086696,0.0056011,-2.1312,0.0020644
-0.0032575,-0.00021108,0.0073201,-2.7108,-2.7123,-2.7311,0.0099565,-0.0056681,-2.7185,0.0016226
-0.0014372,0.0071571,0.0050235,-0.44394,-0.45504,-0.44558,0.00082305,0.0064349,-0.4431,-0.0016654
0.00079673,-0.0096918,-0.022622,-2.4812,-2.5128,-2.4823,-0.0042714,0.0098144,-2.499,-0.005114
-0.004093,-0.011836,-0.0050572,1.1064,1.1097,1.0857,-0.0081681,-0.0025798,1.0864,0.0091489
0.0078162,0.0091849,-0.011552,-2.5945,-2.6226,-2.6182,0.0063945,0.0068737,-2.6326,-0.0075992
0.0076577,-0.0018987,0.022253,-0.56744,-0.55864,-0.56384,0.010176,0.015491,-0.55105,-0.016662
0.00070138,0.012678,0.0071623,2.0371,2.0165,2.0152,0.0035725,0.01152,2.0276,0.00030992
0.0049497,0.0029532,-0.019301,-1.032,-1.049,-1.0402,0.0045198,-0.0029841,-1.0443,-0.0021838
0.0033376,0.0036321,0.0080778,0.44682,0.43234,0.44395,0.0090766,0.0044183,0.4328,-0.00024752
-0.0051134,-0.00037715,0.0092463,-0.2175,-0.21907,-0.24806,-0.0062593,0.015393,-0.21912,-0.0096661
-0.023915,0.0023918,0.00011462,-0.67287,-0.66495,-0.67696,0.020662,-0.0049775,-0.68934,0.00064699
-0.016484,-0.0053373,0.011205,-1.4163,-1.424,-1.432,0.0093977,-0.0054131,-1.4149,-0.018659
-0.0028492,0.0024279,-0.00086052,-2.8358,-2.8515,-2.8425,0.0074098,0.016548,-2.8553,-0.0053354
0.0076034,-0.0063346,0.010376,0.67972,0.68295,0.69104,0.0058604,-0.0012826,0.692,-0.0117
0.0082248,0.019492,0.02346,-1.6352,-1.6154,-1.5997,-0.010847,0.0077814,-1.6112,0.0075256
-0.0010537,-0.014519,-0.0062176,1.9128,1.9308,1.9456,0.00037774,-0.0019654,1.9178,-0.023319
-0.00033094,0.020671,0.0046469,0.22365,0.23342,0.2289,0.011912,-0.0047641,0.22633,0.0062827
-0.0024306,0.012898,0.011194,3.6065,3.6202,3.5926,-0.011627,0.011868,3.615,-0.0084258
-0.013014,0.0017258,0.0036048,0.15864,0.15717,0.1592,-0.023181,0.012591,0.16256,0.0057891
-0.0054824,-0.0036706,0.0056769,-1.3058,-1.3158,-1.2928,-0.016046,-0.0036425,-1.3044,0.011035
-0.0030449,-0.0034573,0.014857,0.13237,0.11963,0.13762,0.0080461,0.01045,0.14661,-0.0039478
-0.00014337,0.0044909,-0.0087676,-3.1699,-3.1714,-3.1852,-0.0020432,0.0054789,-3.1822,-0.00079773
