2.0465,0.0098732,-0.00023163,2.0794,0.014832,-0.03376,2.0455,-0.0023969,2.0485,0.0014938
2.4629,-0.0080655,0.0092578,2.442,0.010337,-0.0051452,2.4412,-0.003098,2.4468,0.0063312
2.3859,0.00024293,0.014534,2.4006,-0.0051011,-0.019259,2.3895,0.0095944,2.3787,0.0037311
2.8085,-0.014473,-0.0042855,2.8022,0.0047639,0.0027918,2.8122,-0.015295,2.8137,-0.0094279
1.6812,-0.0044655,0.012305,1.6842,0.0016467,0.020238,1.6802,-0.01072,1.6848,-0.0078856
-0.53832,0.00017816,-0.013292,-0.52746,-0.0026903,-0.0086542,-0.52414,0.010167,-0.54001,-0.0057743
0.1729,-0.0064458,0.011343,0.16077,0.0066311,0.0085479,0.15409,0.0080097,0.17382,-0.0036516
1.5177,-0.0021429,-0.00088957,1.5003,-0.0047841,-0.00419,1.4943,0.014691,1.5243,0.0070825
0.37951,0.00078964,0.01115,0.37254,0.0023062,0.014029,0.3575,-0.001821,0.35187,-0.00029852
1.7124,-0.010855,0.014359,1.7217,0.00019768,-0.011086,1.7034,-0.0018348,1.7277,-0.0076189
0.10029,-0.0016566,-0.013991,0.10427,0.0038343,0.013638,0.11498,-0.0025703,0.10493,-0.0041848
2.5334,-0.0081006,0.018086,2.5271,-9.0824e-005,-0.017402,2.511,0.0015729,2.5319,0.0046771
1.6631,0.0066973,0.0080636,1.6531,-0.0051022,0.0080995,1.6403,-0.0016378,1.6597,-0.0097774
1.9892,-0.015613,0.0081438,1.9959,-0.0024314,0.0065633,2.0072,0.0052533,1.9888,-0.0097251
-1.2202,0.023872,0.0033323,-1.2292,0.026933,0.00024688,-1.2165,0.0059474,-1.2229,0.0017554
3.43,-0.0030756,-0.0085368,3.4249,-0.0027699,-0.0094147,3.4206,0.015152,3.414,0.0069765
1.4017,0.005626,0.0034984,1.4069,-0.0047295,0.0070808,1.39,-0.02169,1.3836,0.0025891
1.5593,-0.0024931,0.012355,1.5478,0.015669,-0.0015702,1.564,0.0088456,1.5435,0.00022672
1.8976,-0.013844,-0.0047316,1.8952,0.01296,-0.02137,1.904,0.0022324,1.8919,-0.0036633
1.2353,0.0052614,-0.0049717,1.2802,-0.011092,0.0099622,1.2623,0.00098463,1.2412,0.0044176
-0.50232,0.017181,0.015233,-0.49741,0.0063834,-0.001874,-0.52061,0.0038662,-0.49073,-0.0063975
-1.9438,0.00021411,-0.00029968,-1.9307,-0.00023922,0.0098162,-1.9543,-0.0015177,-1.9424,-0.010377
-0.87527,0.0010711,0.0074956,-0.85795,0.0055219,-0.0052468,-0.85685,-0.016447,-0.86122,0.009423
2.4616,-0.018264,-0.0033221,2.4659,0.0031072,-0.01146,2.4727,-0.0057641,2.478,0.010597
1.8534,-0.0011985,0.021409,1.8542,0.0010498,-0.014683,1.8528,-0.0073033,1.8608,-0.00082573
1.9207,-0.016574,-0.0014186,1.9026,-0.010184,-0.017372,1.932,6.6491e-005,1.912,0.011096
1.2394,-0.0061775,-0.0071095,1.2387,0.0038744,0.002637,1.222,-0.00055325,1.2357,-0.013907
1.5694,-0.0013716,-0.01215,1.578,0.0098267,0.00024224,1.5886,-0.014549,1.585,-0.0082864
-0.93658,0.017588,-0.0035456,-0.93358,-0.0040935,0.0081187,-0.93831,-0.0092247,-0.95054,0.010776
0.86582,-0.010602,-0.0064561,0.84932,-0.010365,-0.0058029,0.86217,-0.0072821,0.84029,-0.012333
1.0001,0.0077809,-0.017053,0.99826,-0.0015228,-0.0051802,0.99483,-0.0075031,1.0186,0.00416
-0.14195,-0.014304,-0.0021965,-0.15647,-0.0032947,-0.004523,-0.152,-0.0030046,-0.14982,-0.010091
5.9074,-0.0067268,0.010949,5.8963,0.016039,-0.0091951,5.9031,-0.010215,5.8901,0.0022959
1.0219,-0.00042951,-0.0107,1.0145,0.0071458,-0.026533,1.0226,0.00096141,1.0265,-0.0034709
2.806,-0.01049,-0.008022,2.7846,0.0073461,-0.0036995,2.7918,-0.016537,2.7957,-0.0076546
0.62087,-0.020818,0.0074015,0.63031,-0.0011819,0.0032643,0.61628,-0.0065276,0.61635,-0.00013498
-1.7232,-0.0075047,0.0079483,-1.7267,-0.0016959,-0.0080874,-1.7065,-0.00099269,-1.7196,-0.024942
-0.23783,0.021468,0.029531,-0.22242,-0.0048972,0.004769,-0.2345,-0.0090055,-0.26139,-0.0085072
5.2223,0.0025914,-0.0049639,5.2216,0.014457,-0.012476,5.2317,0.0074838,5.2173,0.018446
0.24598,-0.0029737,-0.0098677,0.23554,0.002785,-0.0084309,0.23902,0.022481,0.22863,0.0037998
1.123,-0.019975,0.010992,1.1205,0.010133,0.0037015,1.127,-0.0097371,1.1329,0.0068889
0.87874,-0.001848,-0.016194,0.91772,-0.015705,0.0016106,0.91666,-0.0032852,0.90818,0.0056422
-1.7409,-0.0070157,-0.012301,-1.7527,-0.0096006,0.014278,-1.7588,-0.0068154,-1.7297,0.00058635
3.2967,-0.0032222,0.0058465,3.2887,-0.0074743,0.012785,3.3142,0.0063459,3.3148,-0.012341
2.0187,-0.00059524,0.0035528,2.0264,-0.0081659,0.0005024,2.0156,-0.0062997,1.9972,0.0028939
0.090489,-0.0020275,0.0063549,0.081401,0.010368,0.01121,0.066333,0.0050264,0.071941,0.0048171
2.4661,0.0049051,-0.0011887,2.4684,0.0062858,0.017236,2.482,0.005102,2.4712,-0.0065615
2.3556,0.00091904,0.01145,2.3616,-0.010538,0.0084881,2.3499,0.0089109,2.3728,0.0059647
2.6287,-0.01887,-0.0019443,2.6313,0.0106,-0.0031326,2.639,-0.0093132,2.619,0.016244
6.892,0.0078201,-0.0032103,6.886,-0.0024872,-0.014407,6.8651,0.026024,6.9158,-0.0011829
