-0.0020898,-0.013323,-0.0050954,3.1769,3.1853,0.0042352,3.1864,-0.0054976,0.017387,0.0070451
0.006427,0.016353,0.00562,0.99058,0.96481,-0.0044778,0.96785,0.0092547,0.0087309,-0.020569
0.00078431,0.0012313,-0.0070785,-0.51518,-0.5037,0.011029,-0.51254,0.0031112,0.014057,-0.023584
-0.021561,-0.011701,0.0026593,1.3755,1.3561,-0.0028968,1.3506,-0.009546,0.015147,0.0094595
-0.010709,0.010716,0.010247,6.7705,6.7621,0.0018264,6.7508,0.010506,-0.0078095,-0.0082751
-0.0088085,0.01215,-0.00041555,-2.811,-2.822,-0.006225,-2.821,0.014088,0.0077766,-0.0033065
0.0072801,0.00051521,-0.0067413,1.5882,1.5988,-0.0032216,1.6125,0.0034307,-0.0037546,0.0001059
0.0079335,-0.0073931,-0.0062292,-0.96376,-0.94056,0.014565,-0.97218,-0.026937,-0.014126,0.003885
-0.01074,-0.0067592,0.0028826,0.92666,0.90958,0.016506,0.94105,0.0050219,-0.00013073,0.017386
0.0011465,-0.015003,0.0048859,1.0597,1.0696,0.020574,1.0679,0.0064872,-0.0040788,0.0028837
0.0007696,0.0044372,0.0059312,1.183,1.1844,-0.016182,1.1838,0.014588,-0.0061481,-0.0087499
0.0049664,0.0080778,0.0087278,-1.8975,-1.8936,-0.017051,-1.9083,0.0069286,0.027157,-0.0086775
0.003887,0.028702,0.0095641,2.2587,2.2476,-0.021485,2.2587,0.014176,-0.0024029,-0.0089865
-0.0043674,-0.00038477,-0.0072079,5.263,5.2479,0.0031811,5.2389,-0.012456,0.015811,0.0029685
-0.017096,0.002798,-0.011601,2.6104,2.6059,0.0015237,2.6286,-0.015175,-0.011548,-0.012797
-0.0022419,-0.0061782,-0.0047567,1.9391,1.9547,0.00064406,1.9444,-0.0084751,-0.00072052,-0.0069383
-0.008093,-0.00063835,0.01289,3.2312,3.2125,0.005024,3.2232,-0.0021094,0.0019886,-0.015758
0.0014221,0.004418,-0.01072,-2.8348,-2.8141,-0.0049063,-2.8198,0.0035731,0.016057,0.0030196
0.010942,-0.002981,0.0038452,-1.0229,-1.0306,0.011245,-1.0351,0.0082888,-0.0071066,0.0065003
-0.0023203,0.00075251,0.0076727,0.049562,0.049405,0.012706,0.039264,0.008808,-0.015796,-0.0074769
-0.010176,0.0044552,0.0057051,2.0987,2.0925,-0.0034915,2.0944,0.0059544,0.007601,-0.023766
0.0041013,-0.0033489,-0.0033908,-0.20453,-0.21626,0.0081987,-0.22064,-0.0086019,-0.0060303,0.00098303
-0.012053,-0.0017738,-0.011619,-1.7718,-1.7864,-0.0030348,-1.7793,-0.00080651,0.014391,-0.012814
0.011572,0.016717,-0.010502,-2.6241,-2.6514,-0.0046142,-2.6453,-0.017043,-0.0020925,0.0026621
0.0014439,-0.0078365,0.0027443,-0.2906,-0.276,-0.0020433,-0.27797,-0.010802,-0.014983,-0.011023
0.0072694,-0.0089248,-0.0029441,1.5247,1.5293,0.0055933,1.5107,-0.014992,-0.0042167,0.0088023
0.026112,0.0066442,-0.0061641,1.7311,1.7193,0.0011855,1.7231,-0.0090572,-0.016991,0.0055474
0.0069188,0.0070709,-0.02172,0.42978,0.43872,0.0028114,0.44559,-0.0038068,-0.0091061,-0.0010795
0.004368,0.0094477,0.0064723,4.0384,4.0491,0.00073472,4.05,0.0030466,-0.0082602,-0.0062571
0.013793,-0.0085909,-0.0082042,0.11868,0.11069,-0.020527,0.12343,0.002758,0.01109,-0.0086406
0.015715,-0.00055213,-0.0084967,3.9078,3.8995,0.0078565,3.9174,0.013041,-0.017774,-0.00023882
-0.0063461,-0.015674,0.0054509,-1.0217,-1.024,-0.0068612,-1.026,0.012459,-0.0016781,0.00072219
-0.0038699,-0.0071272,-0.0028769,0.60021,0.62862,0.0020839,0.60959,-0.020109,-0.011485,-0.0099745
-0.01345,-0.013972,-0.0099906,1.8419,1.8359,-0.018616,1.8359,0.0025232,0.00014075,-0.016883
-0.0046608,-0.0056795,0.0098562,-0.43738,-0.43823,0.0044087,-0.43981,-0.0058641,-0.0055742,0.012322
0.012755,-0.014972,0.019327,0.48295,0.47799,-0.00079945,0.4948,-0.007711,-0.0046984,-0.021436
-0.00081657,0.0066758,-0.0057759,-3.3228,-3.3203,-0.0060287,-3.348,0.00036022,0.0059622,-0.011831
0.004906,-0.0041101,0.0021604,-1.0744,-1.0868,0.0012976,-1.0789,0.003946,0.0002647,0.017184
-0.0071371,-0.011021,0.012667,-2.2271,-2.213,0.0096192,-2.2204,-0.0034894,-0.014014,-0.0089063
0.028959,0.0065314,0.0014095,-0.067861,-0.080875,0.0018241,-0.086525,0.0024461,-0.0093542,-0.00033488
-0.0051018,-0.0054526,-0.021943,2.6251,2.6376,-0.017465,2.6341,0.0071811,-0.001047,0.014984
-0.0043232,-0.020759,0.0024512,-0.42272,-0.41371,-0.0034304,-0.41722,-0.0021421,0.023928,0.0024579
0.017848,-0.0095795,-0.010102,-0.48816,-0.49051,-0.013627,-0.48242,0.0046205,-0.0044698,-0.0093953
0.00069884,0.024104,-0.0044646,1.1771,1.1884,0.0052868,1.1788,0.0026244,-0.0048933,0.024138
-0.0018067,0.0061265,-0.0063695,-0.43352,-0.44466,-0.013154,-0.4723,-0.023638,0.0074586,0.0055303
0.00791,-0.0047602,0.016246,2.914,2.8987,-0.0065146,2.9251,0.0048787,-0.0091818,-0.010783
-0.0013489,-0.010471,0.0054255,1.058,1.0667,0.0054004,1.0572,0.012781,-0.011375,0.0039482
0.014027,-0.0052574,-0.0078705,1.408,1.3869,0.010892,1.3932,-0.024981,0.021036,-0.0056321
-0.0062714,0.010922,0.014026,2.827,2.8081,-0.00044844,2.8102,-0.0055076,0.0098991,0.008701
-0.012822,0.0090471,-0.013429,-0.96969,-0.96865,0.0084615,-0.97313,0.0053483,-0.0083687,0.0032879
