0.0082363,0.013426,-0.00028077,5.5742,0.01371,5.5642,5.5605,-0.0048003,-0.0025964,0.0070736
-0.004632,-0.022644,0.0038356,2.5546,-0.017357,2.5683,2.5594,0.0010319,-0.018099,-0.020137
0.0038981,0.0049107,0.0075229,6.3627,0.0058453,6.369,6.3504,-0.0037977,0.019053,0.022079
-0.0036434,-0.010332,0.0088285,6.0344,0.018955,6.0337,6.034,-0.016791,0.025073,-0.011677
-0.012008,0.011172,0.0034431,8.0501,0.0028775,8.0519,8.0593,0.0085339,0.0026024,-0.0051146
0.0045139,0.02329,0.0013962,9.1901,-0.018368,9.1878,9.1865,-0.0038223,-0.021583,-0.0064375
0.0051796,0.0083188,0.0047614,2.7075,0.0082077,2.6993,2.7201,-0.0043406,0.01111,0.0080419
0.010177,0.0017716,-0.0024352,3.3029,-0.0034145,3.2678,3.2781,0.0048402,-0.0097665,0.0025497
0.01054,0.0022917,-0.016177,5.7859,0.00038575,5.788,5.7666,0.0016823,0.0085254,-0.0029886
-0.0085505,0.0059839,0.0095521,3.8887,-0.0048485,3.896,3.8803,-0.0034842,-0.0035424,-0.013355
0.017186,-0.00051192,-0.012187,4.1808,0.007569,4.1942,4.1864,0.0013809,-0.015377,-0.004196
-0.0080617,0.012941,0.009245,5.0955,-0.0058944,5.1008,5.1005,-0.0024572,-0.0024529,-0.011151
-0.0030879,-0.003335,0.028264,6.7316,-0.0011648,6.7198,6.7155,-0.0041182,0.0044945,-0.0074096
0.011934,-0.0077391,0.0088283,5.6843,0.0076403,5.6911,5.7037,5.0686e-005,-0.018426,-0.0116
0.0036624,-0.0081879,0.0060467,2.469,-0.0063014,2.4433,2.462,-0.0084746,-0.010875,-0.0073241
0.008355,-0.0054128,0.0094794,3.446,-0.0046436,3.454,3.4494,0.0031187,-0.0036737,0.005028
-0.0013942,-0.019959,-0.023834,2.6811,-0.0049345,2.6854,2.6766,-0.017185,0.010626,0.0011534
-0.0013341,0.0068684,0.011988,5.9918,-0.0058117,5.9898,5.987,-0.0063683,0.010311,0.003877
0.010121,-0.011748,0.012285,4.4277,-0.0030497,4.4308,4.4115,0.0012713,0.016349,-0.0029088
0.016445,0.0074947,0.0043791,10.587,-0.00047414,10.585,10.578,0.0035685,0.0077357,-0.00019876
0.022149,-0.00010495,-0.026754,7.3511,-0.015712,7.3393,7.3428,-0.0045765,0.018803,0.0021769
-0.0080105,-0.011154,0.0008215,3.6204,-0.0034854,3.6156,3.6397,-0.0023798,0.0065215,0.0023897
0.0073828,-0.017238,-0.01214,6.2057,0.0077094,6.2143,6.2024,0.020623,0.0064605,-0.00080025
0.008005,0.02177,0.0065561,8.2711,-0.014073,8.2867,8.2851,0.0040027,0.0065085,-0.010037
-0.0064703,-0.00033754,-0.0046571,9.7106,-0.014097,9.7141,9.7157,0.0079056,0.0039616,0.013663
-0.004056,-0.004381,0.018239,2.8368,0.0016179,2.8381,2.8405,0.00033395,-0.0050579,0.00339
0.024211,-0.0095897,-0.0069931,7.4025,-0.010626,7.3999,7.3866,0.019634,0.022006,-0.0074196
-0.0066196,-0.007857,0.0012027,2.5337,0.0028053,2.5341,2.5283,-0.0073091,-0.00085692,-0.0047402
0.0069519,0.00087511,-0.0080046,6.1844,-0.013822,6.193,6.1901,0.0084174,0.005922,-0.0094828
-0.033272,0.0074799,0.014092,4.5355,-0.0044859,4.5415,4.5379,0.0033407,-0.012331,0.015136
-0.011625,-0.021272,0.015885,6.0323,0.010278,6.0093,6.037,0.0044682,0.016759,0.0080896
0.013427,-0.00968,0.017576,0.8052,-0.003146,0.80554,0.81394,0.0099268,0.015456,0.0077873
0.0069496,-0.02779,0.00019879,5.4065,-0.0028863,5.3746,5.4035,0.0075466,-0.0039086,-0.0090612
-0.015142,-0.0095843,0.013013,5.4428,-0.0078039,5.4507,5.4633,-0.0066396,-0.013298,-0.0030826
0.0069505,-0.006115,0.0020907,6.6822,-0.014196,6.6948,6.6914,0.0016457,0.0059662,0.015357
0.014056,-0.0061301,-0.0070794,4.0646,0.0068817,4.0888,4.0656,0.0075839,-0.006497,-0.010273
0.01757,0.0036872,0.011525,4.6749,0.0020149,4.6537,4.6638,0.016132,-0.003732,0.0011865
-0.00091339,0.012154,-0.0020097,7.5577,-0.022949,7.5327,7.5248,0.0009476,-0.011844,-0.018418
0.003445,-0.0068232,0.018207,3.123,0.0017381,3.1181,3.1071,-0.015172,0.0061107,-0.012949
0.017106,-0.0026478,0.012427,3.4491,0.0017656,3.47,3.4591,-0.011201,-0.0034208,-0.0054331
0.01389,0.0094303,-0.017174,4.5633,0.010944,4.5555,4.581,-0.0091371,-0.015469,0.0026562
-0.004272,-0.014967,0.0024127,6.1689,0.0016995,6.1663,6.1512,-0.0097133,0.011259,0.0049964
-0.0022188,0.0008009,0.0054446,8.1769,0.0010777,8.187,8.175,0.0014911,0.0032329,-0.0056411
0.015856,0.0051069,0.0057807,7.5551,0.008631,7.5414,7.5659,-0.0046586,0.0031045,0.001723
-0.0022281,0.0026548,-0.0021933,7.305,0.0028745,7.2986,7.3049,0.0072547,0.010075,0.00033374
0.0018988,0.0072251,-0.011112,7.0457,0.0081042,7.0491,7.0445,-0.017034,-0.0062706,0.00091959
-0.0067441,0.019185,-0.011075,9.3175,0.00085971,9.3118,9.3162,-0.0073346,0.019263,-0.0015876
-0.0079411,-0.0076269,-0.014035,2.869,-0.0030251,2.8632,2.8529,0.017454,0.010799,-0.010472
-0.0052024,0.0036113,-0.015669,5.2483,0.01221,5.2721,5.2695,0.0071378,0.0049308,-0.0067322
-0.010425,-0.0027961,0.01047,8.4016,0.0050836,8.398,8.4141,-0.009137,-0.0026678,-0.012382
