-0.0012953,-0.0015495,-3.9203,0.011925,0.0062829,-0.010863,-3.9624,0.0064391,-0.0070136,0.0028026,-0.0096537,0.012438,-0.0084983,0.0056116,-0.0019577,-3.9383,-0.019268,-3.9325,-3.9353,0.019068
-0.014081,0.00050506,-3.9118,-0.00030925,0.0012609,0.015167,-3.925,-0.0014071,4.0195e-005,-0.014354,-0.0044228,-0.00051443,0.0075023,-0.018175,-0.012416,-3.9162,0.0046281,-3.9021,-3.9287,-0.0058437
-0.010661,-0.00074523,-4.2599,-0.0010201,0.0074891,-0.011958,-4.2555,-0.0072153,0.00076717,-0.0081031,-0.0016091,0.0070072,0.0070134,-0.012844,0.0020791,-4.2437,0.00018572,-4.2493,-4.2461,0.009678
-0.010957,-0.014297,-3.3289,-0.0092699,-0.0040168,-0.0017073,-3.3187,0.014376,-0.0084762,-0.0029988,-0.010579,-0.0070369,0.017535,0.0089536,-0.00086624,-3.3069,0.0078164,-3.298,-3.3139,-0.0053112
0.00070184,-0.012096,-4.6944,0.0023186,0.0021131,0.00075277,-4.6797,-0.010573,0.0067945,0.01273,0.011329,0.0078179,0.0072991,-0.0020307,-0.00055225,-4.6818,-0.0071538,-4.6864,-4.6885,0.0073497
0.0076364,0.0089784,-4.7283,0.0043856,-0.011031,-0.011571,-4.7328,0.019296,-0.0055406,0.0042935,0.0084183,0.00071056,-0.0053709,0.024005,0.014263,-4.762,0.0053925,-4.7625,-4.7632,-0.02112
0.0062982,0.0097062,-5.3253,-0.015584,-0.011972,0.0089202,-5.3376,0.0050984,-0.014256,0.0088976,-0.012433,-0.0074323,0.023737,-0.0093032,-0.0044164,-5.3234,0.0048869,-5.313,-5.3355,-0.0051683
-0.0035344,0.014903,-2.8496,0.0069715,-0.0089385,-0.0083546,-2.8439,-0.016925,-0.0030496,-0.00048374,0.01465,0.011537,-0.0084361,-0.0078051,0.013828,-2.8292,0.013857,-2.8479,-2.8434,0.00025682
0.001094,0.01387,-5.015,0.0066185,-0.00079775,0.0015819,-5.0348,0.0037507,-0.013023,8.5007e-005,0.016593,0.0010664,0.013946,0.0025324,-0.0039283,-5.0283,-0.0020052,-5.0233,-5.0345,-0.011254
-0.00078982,-0.02028,-1.5572,-0.016071,-0.0034507,0.0034962,-1.59,0.010674,-0.012428,0.015628,-0.0097501,0.0005851,0.0071803,-0.0048464,0.0030029,-1.589,0.0056083,-1.5756,-1.573,0.0034501
-0.0065877,-0.011099,-4.0959,-0.0005104,0.012126,-0.0083386,-4.1525,0.0055695,0.0082905,-0.0077019,-0.0040477,0.01533,-0.0056762,0.0064125,-0.011427,-4.1168,-0.01578,-4.1328,-4.1148,-0.0027679
-0.0065533,-0.011499,-4.0218,0.0054969,-0.0086933,0.019647,-4.0123,0.011497,0.016499,0.0054647,-0.010102,0.006919,0.0057598,-0.0055806,-0.0011302,-4.0119,-0.00076895,-4.0289,-4.0186,0.0017651
-0.00294,-0.0081,-2.5083,-0.0080405,-0.0045157,-0.00084574,-2.5076,-0.010258,-0.010329,-0.0023493,0.0067469,0.020174,0.0039549,0.014126,-0.0016624,-2.5191,-0.0022503,-2.5014,-2.5082,-0.0075115
1.8897e-005,0.016425,-6.3685,-0.0016228,0.0099985,0.011109,-6.3759,0.0012746,0.0065289,-0.019248,0.011877,0.0096851,0.0146,0.0096634,0.00065898,-6.379,-0.001939,-6.3908,-6.4025,0.0041738
-0.0036239,-0.0015113,-3.2675,0.0068208,0.001733,0.0092293,-3.2495,-0.007806,-0.0044749,-0.006904,-0.0032285,0.0062389,0.012585,0.014392,-0.0047596,-3.2816,-0.014692,-3.2538,-3.2538,-0.0048549
0.013309,0.0065715,-2.8564,0.0055953,-0.003263,0.0006869,-2.8473,0.011456,0.017681,-0.017296,-0.013181,0.0079835,-0.0093276,0.005903,0.0069136,-2.8604,-0.0040455,-2.8686,-2.8558,-0.0050669
0.0057933,0.010577,-1.617,0.011795,-0.0052744,0.010929,-1.5996,0.0083933,0.022796,0.0029724,-0.0022987,-0.0059156,0.0047451,0.003597,-0.0047221,-1.6329,-0.0026006,-1.6236,-1.6167,0.0037009
0.00026363,-0.0092583,-4.099,0.01706,0.0026816,-0.0081203,-4.0883,-0.0062405,-0.016524,0.014599,0.00053159,0.0064848,-0.020025,0.021272,-0.0054682,-4.1027,-0.012098,-4.0762,-4.084,0.011295
-0.0049733,0.0060954,-3.9421,0.0072097,0.012663,-0.0041594,-3.9455,-0.0079858,0.0063647,-0.0024432,0.0033029,0.0013829,0.0023532,-0.016303,-0.020677,-3.9485,-0.013336,-3.9324,-3.9602,0.00029616
0.0025442,0.0042708,-2.7587,0.018579,0.0070999,0.0075131,-2.7675,-0.018151,0.00060464,-0.0041232,-0.015423,0.0058043,-0.0083367,0.0045058,0.0060503,-2.7583,0.0077676,-2.7771,-2.7697,0.017707
-0.017756,-0.016001,-4.6276,0.0085387,0.0084836,0.0044681,-4.6261,0.020876,-0.0097376,0.00075702,-0.0024446,-0.0055146,-0.0073239,0.0034674,0.010281,-4.6489,0.0013939,-4.6204,-4.641,0.0043012
0.0091374,0.0019728,-3.2883,0.004023,0.016281,-0.0042115,-3.299,-0.0097994,-0.015977,-0.0029413,-8.4668e-005,0.017684,0.01197,0.0014829,-0.021281,-3.3027,-0.0084283,-3.2871,-3.2875,-0.015069
-0.0082775,0.0095053,-4.9947,-0.00053035,-0.0056113,0.011415,-4.9991,0.0052183,-0.0098297,-0.001578,0.007623,0.011992,-0.0093611,-0.02595,0.0032494,-4.9979,0.0063905,-5.0083,-4.9835,-0.0060158
-0.0073283,0.017699,-5.365,0.016524,-0.01494,0.015225,-5.3746,-0.0035841,-0.0051626,0.015063,-0.0014405,0.0027871,-0.01635,0.0072803,0.010322,-5.3788,0.0014375,-5.3671,-5.3633,-0.0041765
0.009216,0.016292,-5.5999,0.0096108,-0.0061379,-0.0052342,-5.606,0.0036009,-0.0083767,-0.0016447,-2.3285e-005,-0.005701,-0.0031727,0.016208,-0.0072137,-5.6133,-0.0059416,-5.6208,-5.6062,-0.020323
0.0037666,0.0016154,-4.0967,0.027291,0.0016922,-0.0071267,-4.1027,0.00018385,0.013444,0.00020724,0.0094243,-0.0045753,-0.0066878,-0.0034937,0.0047786,-4.1156,0.00409,-4.104,-4.1172,0.010728
0.0058478,0.0096392,-4.0801,-0.014012,0.020403,0.0040225,-4.0837,-0.0010572,0.0066216,0.0023417,0.0048071,0.014151,0.0007665,-0.0087119,0.016317,-4.0761,0.0090488,-4.0776,-4.0605,-0.0026107
-0.011848,-0.0091657,-4.8198,-0.0068073,-0.0040553,0.0029934,-4.8174,-0.015044,0.0043406,0.0019197,-0.014166,0.011943,0.0072624,0.0051508,-0.013644,-4.8179,0.017355,-4.823,-4.8211,-0.0025053
0.0040587,0.013049,-2.9802,-0.0089509,0.0017765,0.0042902,-2.9895,-0.0023691,-0.0085996,0.0072696,-0.018584,-0.013622,-0.014351,0.010825,0.0099637,-2.9921,-0.01481,-2.988,-3.0032,-0.011443
-0.0018917,0.0081836,-5.1791,-0.022693,-0.0031844,4.0057e-005,-5.1837,-0.0026251,-0.0052051,0.010422,-0.0039898,-0.00045715,-0.00021773,0.0078988,0.0045855,-5.1825,0.0019408,-5.1935,-5.1803,0.013388
-0.029514,0.015881,-3.5516,-0.0090097,-0.0013764,-0.0012014,-3.5482,-0.0030248,0.0057086,0.0072987,0.029235,-0.011103,0.0031743,-0.031796,0.011416,-3.5737,-0.0087008,-3.5472,-3.5735,-0.037846
-0.008519,0.0070937,-3.3704,0.011307,-0.0085346,-0.0073365,-3.3646,0.0012928,0.0006139,0.0083064,0.0076813,-0.00017405,-0.0083851,-0.0061269,0.00017417,-3.3606,0.019831,-3.3538,-3.3503,-0.024857
-0.0037667,0.0089438,-3.9137,-0.013907,-0.00014611,-0.011436,-3.9077,-0.0067461,0.0090796,-0.01066,0.0066824,-0.0033206,-0.013307,-0.0060135,0.0031505,-3.8962,-0.0023355,-3.8925,-3.8888,-0.014876
0.0030273,-0.0089108,-4.5092,0.012399,-0.022665,-0.0096882,-4.4966,0.012891,0.031966,0.012084,0.001213,-0.0008102,0.0015709,0.0022142,0.0035522,-4.5085,0.0060596,-4.493,-4.5014,-0.0092734
0.011392,0.0012551,-3.4679,-0.0017099,0.00048422,-0.0052279,-3.4425,0.0085036,-0.0019759,-0.010417,0.008496,0.0016473,0.0025635,-0.019916,0.0059009,-3.4607,-0.0005859,-3.4492,-3.4512,0.0089587
-0.0047565,0.0047598,-3.1568,0.0066614,-0.015231,0.010274,-3.1295,-0.0028287,0.013077,0.0035028,0.0080198,0.01064,-0.0006341,0.022016,0.0063196,-3.1534,-0.00052593,-3.1258,-3.1354,0.011796
-0.0038848,-0.018437,-3.6218,-0.0095883,0.0063433,0.0035416,-3.6178,-0.011487,-0.010823,-0.0014852,0.017944,0.00067992,0.012235,0.011014,-0.0037881,-3.6402,-0.025015,-3.6184,-3.6159,0.019943
0.014903,-0.018138,-3.8496,-0.0059118,-0.012127,0.0085587,-3.8363,-0.012275,-0.011494,0.011075,0.0044683,0.00093123,0.0004668,0.010747,0.0048032,-3.8335,-0.010474,-3.8449,-3.8408,-0.015139
0.027384,0.0011665,-5.9533,0.011278,0.010783,-0.00087817,-5.9758,0.014895,-0.00046122,-0.0008336,0.0021139,-0.017259,-0.0058014,-0.017503,-0.0045823,-5.9782,0.0028287,-5.9868,-5.9597,-0.0022882
-0.0033521,-0.0065427,-2.1155,0.0031767,0.0083825,-0.024777,-2.1053,0.0020641,-0.0049854,9.9376e-005,-0.010691,-8.3428e-005,0.012938,0.0076564,0.0087219,-2.1215,-0.0026886,-2.1059,-2.1131,0.0028726
0.0011008,0.0063537,-4.2393,0.020676,-0.011056,-0.011533,-4.2327,-0.0046511,0.0090849,0.02007,0.0050527,0.010605,-0.0013527,-0.0066041,-0.01236,-4.219,0.0020724,-4.2216,-4.2195,0.0014931
0.0057172,0.00061758,-2.5127,-0.0045172,0.0077553,-0.0048055,-2.5075,-0.0040544,-0.0071373,0.0013559,0.001554,-0.012565,-0.0095704,-0.0027784,-0.013794,-2.5022,-0.003897,-2.4979,-2.511,0.01227
-0.011302,-0.0073771,-3.4498,-0.015736,0.0063561,0.0079483,-3.4662,-0.010146,0.0053494,0.01504,0.00087631,0.0073478,0.0064841,-0.015275,0.013913,-3.4413,0.0098716,-3.4507,-3.4567,-0.00035511
0.019686,-0.0086724,-4.7384,-0.00071969,-0.013892,-0.0027143,-4.7519,0.013673,-0.0022912,-0.010228,-0.0049454,0.016589,-0.017526,-0.0054968,-0.013566,-4.7453,-0.022502,-4.7314,-4.7438,-0.0039134
0.017458,0.0074802,-3.9101,-0.01553,0.011902,0.021106,-3.914,-0.010652,-0.0093526,-0.00086771,-0.0074234,0.0078783,0.012409,0.0012996,-0.0064294,-3.8941,-0.00046912,-3.9414,-3.9074,-0.0067372
-0.003118,0.0025266,-3.0652,0.0084071,-0.0074545,-0.0047492,-3.0483,0.014578,0.0069847,0.006711,-0.0069712,-0.0048256,-0.0079089,-0.0027055,0.013849,-3.0449,-0.02186,-3.0507,-3.0454,-0.001915
-0.00056035,0.0033039,-1.6547,0.0115,0.0044853,-0.00013325,-1.6866,0.012884,-0.0026972,0.020964,0.0024461,0.0061326,-0.0069294,-0.004065,-0.0088148,-1.6794,0.0022797,-1.6714,-1.6871,0.0028723
0.0037057,-0.0034392,-3.885,-0.01768,-0.018194,0.012395,-3.8894,-0.014518,0.013679,-0.0062619,0.0044595,-0.01232,0.0014383,-0.0045572,0.016148,-3.8894,-0.0046314,-3.8718,-3.8774,0.016738
0.0045925,-0.016687,-2.1332,0.015448,0.01091,0.00088891,-2.1283,-0.020674,-0.014712,-0.0026714,-0.002889,0.0005072,-0.0041301,-0.00045732,0.013263,-2.1286,-0.004786,-2.1273,-2.1218,0.0015747
0.0060536,0.0084491,-3.5761,-0.012423,0.014573,-0.030024,-3.5538,0.010633,0.00024871,0.0023165,0.0092502,-0.020892,0.0090219,-0.0027276,-0.00096797,-3.5563,-0.003413,-3.5641,-3.5617,-0.0037551
