-0.011959,0.018444,-0.00666,-0.0051687,0.0003872,-0.034062,0.011415,-0.041107,-0.026034,-0.0099185,-0.044773,0.0098109,0.002521,-0.0022602,0.0076324,0.00058215,0.0022452,0.0094344,-0.042565,0.0042179
-0.0066178,-0.013107,-0.0074345,0.0026207,0.0087598,-2.3168,-0.01307,-2.3266,-2.3203,0.0035733,-2.3303,0.0028424,0.003251,-0.018851,0.0073421,-0.0089701,-0.0089353,-8.7814e-005,-2.3282,-0.0048816
0.0069121,0.010315,-0.0014232,5.2414e-005,-0.0032981,0.98092,-0.0031882,0.9847,0.96946,-0.0088825,0.98394,-0.0085911,-0.010254,-0.0064938,0.0086879,-0.00018306,-0.0077769,-0.01152,0.9655,0.012029
0.0015231,0.0029622,-0.016745,0.00034531,-0.016354,-0.58272,0.0072979,-0.57956,-0.58167,-0.0057918,-0.58194,-0.015012,-0.0068831,-0.0091854,-0.0049623,-0.0025998,0.011825,0.0057266,-0.56175,0.014743
-0.0064572,0.0046582,-0.019783,-0.010708,-0.01009,-0.43187,-0.0055212,-0.4207,-0.42916,0.0059061,-0.41311,0.003974,0.014304,0.014305,-0.0064653,0.008295,-0.0019618,0.012561,-0.41704,-0.015281
0.017085,-0.017433,-0.011658,-0.0011258,-0.0057695,0.095421,-0.010738,0.09834,0.072315,0.018685,0.091314,-0.006145,-0.0053085,0.0096195,0.00022351,0.015995,-0.00020228,0.0037875,0.07743,-0.00050428
-0.016326,0.0025114,-0.020922,0.00054918,0.0091386,-0.42828,0.010645,-0.45471,-0.43006,-0.001672,-0.43527,-0.0060699,-0.010683,-0.0020009,-0.0062352,-0.0026618,-0.0072535,-0.0078247,-0.44655,0.018414
0.009785,-0.00054131,-0.01178,-0.0022868,-0.018872,0.48595,0.002418,0.48503,0.48885,0.0061377,0.47707,-0.0091093,-0.0050437,0.012853,0.0047188,-0.0097295,0.001637,0.0040143,0.45738,-0.019198
-6.53e-005,-0.0086707,-0.0090476,0.0087909,-0.026418,0.89603,0.01357,0.90664,0.90986,0.017706,0.8994,0.0067904,0.0065979,0.00010573,0.015348,-0.0027869,0.018751,-0.0013171,0.89732,-0.021729
-0.0034329,0.022509,-0.0090268,0.005334,0.009105,-3.0573,0.0046308,-3.0635,-3.0728,-0.0027186,-3.0613,0.0079021,-0.0067924,-0.0097914,-0.012259,-0.013388,-0.017999,0.0047065,-3.0674,-0.0092041
-0.0028041,-0.010738,-0.01141,0.0050419,0.0067583,-2.8002,0.0037728,-2.8122,-2.8175,0.011788,-2.7987,-0.0093921,-0.010766,-0.013626,0.0037024,0.021323,0.013443,-0.0044833,-2.8056,0.0018787
0.016937,-0.015523,0.0015657,-0.0086291,-0.0030792,-0.85411,-0.005307,-0.8629,-0.86729,0.00054523,-0.85266,0.0092751,0.038177,0.0015164,-0.0075084,-0.014509,-0.0156,0.01193,-0.87196,-0.0042248
0.0017661,-0.015361,0.0054661,-0.0073417,0.011663,-2.471,0.001411,-2.471,-2.4551,0.0035814,-2.473,0.0050755,-0.0057883,-0.006489,0.025596,0.0011894,-0.0052486,0.0093733,-2.4753,-0.0047981
0.021315,-0.0041881,0.0012713,0.0031576,-0.0050788,-0.5792,0.0071852,-0.56733,-0.5832,0.0087222,-0.59595,-0.00076507,0.02431,-0.00048086,-0.023269,0.028715,0.0103,0.0018873,-0.58611,-0.0053196
-0.011361,0.0072238,-0.0032392,-0.026198,0.0035044,0.44702,-0.0014404,0.4586,0.46803,0.0099482,0.46685,0.0079995,-0.0045524,-0.0055859,0.012018,0.0029731,-0.010077,-0.0075545,0.45586,-0.021006
0.01266,-0.003323,-0.016343,-0.029249,0.0067595,-0.88556,0.0060509,-0.90958,-0.89413,8.0869e-005,-0.89081,0.010337,-0.010867,-0.0085202,0.0095421,0.0063445,-0.019028,0.00060307,-0.89164,0.0051854
0.010791,-0.0033971,-0.017298,0.011427,0.0047136,-3.1099,0.013743,-3.0952,-3.1002,0.0016986,-3.1075,0.0010886,0.0032749,0.013703,0.0020453,-0.0053007,0.0090695,-0.012861,-3.1106,-0.0025834
-0.0018436,0.0051975,0.0030007,0.0041146,-0.0071164,-1.9265,0.0056022,-1.9585,-1.9327,-0.0034442,-1.955,-0.013571,0.0069905,0.013609,-0.00052968,-0.02655,0.010168,-0.0038046,-1.9341,0.0062126
0.0056712,-0.0012298,-0.0061638,0.011865,0.004234,-2.2744,-0.0023695,-2.2888,-2.2634,-0.007176,-2.2848,0.011161,-0.00021784,-0.008597,0.014807,-0.0029986,0.020624,0.0031352,-2.2853,0.009002
-0.010516,-0.0077951,0.02572,-0.0072666,0.0087364,-2.9648,0.0035446,-2.9551,-2.9563,0.018062,-2.9391,-0.004414,-0.0067731,-0.0025996,-0.01315,0.0249,-0.01007,-0.0099112,-2.9472,-0.016164
-0.0020283,-0.0075663,0.0072775,-0.00034666,0.010518,-1.9836,0.010601,-1.9813,-1.9818,0.0090328,-1.9807,-0.002215,0.0070526,0.0036162,-0.0007373,-0.0064927,-0.0090358,-0.0084076,-1.9851,-0.0045273
-0.011077,0.0092086,-0.0087523,-0.02207,-0.00059619,-0.66007,-0.007056,-0.64027,-0.64851,0.016267,-0.65303,-0.01829,0.011721,0.004328,0.015067,-0.0024858,0.0094288,-0.0093173,-0.65419,-0.0084965
-0.0028163,0.010447,-0.0085123,-0.0044047,0.0067226,1.0823,0.019954,1.0794,1.1019,0.014901,1.0981,6.8738e-005,-0.00044359,-0.011882,0.010246,0.02596,0.017214,0.0034688,1.0878,-0.0077321
0.006087,-0.0049994,-0.00034908,-0.0032606,-0.0048908,-3.1488,0.0094345,-3.126,-3.1424,0.0059865,-3.1355,-0.013681,-0.011086,-0.015016,-0.019145,-0.0029216,0.017922,0.012572,-3.1512,0.0077406
-0.0025162,-0.0074286,0.011089,0.018712,0.01765,1.3605,-0.017793,1.3592,1.3798,-0.016595,1.3628,-0.012393,0.020087,-0.025604,0.015878,0.010954,0.0023393,-0.0012116,1.3645,0.0097977
-0.0057446,0.010937,0.0023416,0.0065431,-0.0022131,-1.3259,-0.0080353,-1.3382,-1.3387,0.0054785,-1.3344,-0.0058279,-0.010965,0.0076009,-0.0080434,0.003951,0.0012804,0.0081714,-1.3291,-0.00072882
0.0032203,0.007672,-0.012006,-0.0056939,-0.007529,-2.254,-0.0047813,-2.2537,-2.2666,0.0054687,-2.2553,-0.0011624,0.00092412,0.0094993,-0.015004,-0.0026967,0.0043822,0.020163,-2.2541,0.020575
0.0017574,0.015979,-0.0030357,-0.00067062,-0.0028873,2.4115,0.0014709,2.4075,2.3992,-0.0028103,2.4123,0.0025289,0.010937,-0.0030095,0.0068367,0.0035449,0.015534,0.0023719,2.3968,0.0014292
-0.0091958,-0.0083278,-0.011794,0.0023954,0.0024655,-3.8424,0.011402,-3.8301,-3.8428,-0.0022914,-3.8295,0.011395,0.00065746,-0.00080494,-0.0047928,0.00013821,0.0036888,-0.0019672,-3.8278,0.007727
0.0052729,0.00078737,0.0011738,0.0067563,-0.0017393,-0.66586,-0.016785,-0.64124,-0.66722,-0.0071009,-0.6382,0.007368,0.0043953,0.014389,-0.013684,-0.0051693,-0.0059685,-0.011945,-0.64499,-0.0073158
0.0014966,0.010927,0.023384,-0.0046145,-0.010455,1.0219,0.003195,1.038,1.0272,-0.010411,1.0178,-0.0031684,-0.010535,0.0051748,0.0071434,-0.0034864,0.017044,-0.0061781,1.0199,-0.0066646
-0.0159,-0.0022222,0.004926,0.002114,-0.013624,1.7587,0.00048907,1.7613,1.7551,-0.0005862,1.7452,-0.0049938,-0.0036384,-0.00032562,0.0028806,0.0051823,-0.0086229,-0.0086952,1.7611,-0.00088097
-0.0012296,0.016621,0.0068195,-0.0023422,0.0027066,-2.8934,0.0053351,-2.8746,-2.9021,0.0075785,-2.8575,0.0057383,0.0080258,-0.010206,0.0010464,-0.0061115,0.0077012,0.014323,-2.899,0.0029274
0.011308,0.002383,-0.0023218,0.026757,0.015008,0.098103,0.0087811,0.094953,0.11804,0.013044,0.10529,0.0041875,-0.0074243,0.0087592,-0.012022,-0.0067564,0.0043525,-0.002987,0.11728,0.002479
1.3672e-005,0.0029294,-0.0035562,0.0035957,-0.010576,-1.6246,-0.0087495,-1.6105,-1.6354,-0.0089902,-1.6153,0.0010751,-0.0057185,-0.0049297,-0.014588,-0.0040124,0.0017886,-0.025717,-1.6136,0.015247
0.0075046,-0.012085,-0.0078773,0.0095118,-0.022285,1.5888,0.0024949,1.562,1.5929,-0.0055631,1.5768,0.010904,-0.0064327,-0.0010238,0.0073503,0.0054512,0.0060592,0.0058526,1.5812,0.011303
0.0060203,-0.00059529,0.0013943,0.0090788,-0.0076081,1.7488,-0.0012469,1.7654,1.7591,0.0043427,1.7594,-0.0024323,-0.0072788,0.0017613,-0.0062652,0.003401,-0.0053951,-0.0075347,1.7577,-0.0093407
-0.0060967,-0.00083466,0.0056516,-0.0023664,-0.027085,2.0129,-0.0026716,2.0336,2.0264,0.00077746,2.0232,0.0088612,-0.018367,-0.0021086,0.014517,-0.0075679,0.0050053,0.0057136,2.0301,0.010915
0.010921,-0.012146,0.0055672,-0.0061739,0.0049884,1.2494,0.0062205,1.2626,1.2572,-0.0018227,1.2683,-7.0761e-005,0.0069593,-0.0099316,-0.0092783,0.0017411,-0.013165,-0.012029,1.262,0.0011691
0.0089767,-0.0030129,0.010961,0.017906,-0.013652,0.84166,-0.0014561,0.8493,0.8523,0.0079134,0.85834,-0.0010313,0.0045822,0.021579,0.010071,-0.0066425,-0.012053,-0.016032,0.86081,-0.0040409
0.0064518,-0.007345,-0.01368,0.0025593,0.0050369,2.7099,0.0041772,2.6936,2.6909,0.026788,2.6901,-0.0038844,0.0070721,0.0098214,-0.00032305,-0.0094029,0.0057733,-0.0096918,2.6793,-0.021628
-0.0072615,-0.012198,-0.0056973,-0.0087118,0.00050236,0.4905,-0.0061962,0.46837,0.48726,-0.00032641,0.48626,0.0098906,-0.00999,-0.0028515,0.0047555,0.0001855,-0.012546,0.0078437,0.48967,-0.009495
0.002127,-0.011882,0.005483,-0.005082,-0.01148,-1.697,-0.006165,-1.7051,-1.6812,-0.012499,-1.6932,-0.0053066,-0.0014864,-0.012582,-0.010419,0.0051531,0.0069444,-0.0045323,-1.6957,-0.0035991
0.011915,-0.026424,-0.0013481,0.014754,0.001486,0.64976,0.0074398,0.65921,0.66751,0.0048481,0.65371,-0.0059133,0.0018681,-0.0050167,-0.0029671,0.0005612,-0.0012041,0.008028,0.65586,-0.011289
-0.0091838,0.013093,0.0061876,-0.0059628,-0.0041429,-2.7917,-0.0035265,-2.7959,-2.7943,0.013538,-2.8094,0.006078,-0.010659,0.014159,-0.0032056,0.0014509,0.0078519,0.0052881,-2.792,-0.0042083
0.0099909,-0.0021552,-0.0067764,-0.001323,-0.00081255,-0.29352,0.020762,-0.31453,-0.29429,-0.0044644,-0.31252,-0.0021525,-0.0041187,0.0090196,-0.0030496,0.019188,0.0015569,0.0068875,-0.30231,0.00024751
-0.0012221,-0.0040826,-0.0047808,0.0046161,-0.0094011,-1.0217,-0.0059352,-1.0329,-1.0385,-0.014236,-1.034,-0.0028921,0.0025755,0.00062597,-0.018531,-0.0037998,0.0067504,-0.0055491,-1.0201,0.0051635
-0.0084745,-0.013094,-0.0013469,0.0038017,0.013758,0.91136,0.005912,0.9132,0.89342,-0.0061692,0.92024,0.018415,0.0083374,0.011325,-0.0087408,-0.010251,-0.0046969,-0.015297,0.91829,-0.0038384
0.0030988,0.018361,0.0021039,-0.016409,-0.0095194,-2.9909,0.0010136,-2.9725,-2.9922,0.0014765,-2.9881,0.014897,-0.00079494,-0.0033077,0.0084686,0.0066117,-0.010335,0.0095803,-2.9973,0.012832
0.009645,0.014381,-0.0030258,0.0034432,0.012787,-0.59425,-0.0084647,-0.57889,-0.58332,-0.0030579,-0.58365,0.0046615,0.0054254,0.0044033,0.018128,-0.004189,-0.0016694,-0.0070049,-0.58859,0.0020055
