-4.9433,0.02266,-4.9465,0.0091784,-0.0047281,-0.0004957,-0.022178,0.0055421,0.0027287,-0.010323,-4.9332,0.011222,0.0050668,-4.9446,-0.015008,-4.9425,0.002667,0.012489,-0.0062404,0.015401
-2.66,-0.0086296,-2.6712,0.0045046,-0.0071748,0.019717,-0.0028306,0.0080716,-0.013504,-0.013143,-2.6701,-0.0074328,0.0028189,-2.6772,-0.0098483,-2.6777,0.0067984,-0.0074734,-0.0070006,0.010795
-5.2547,0.005296,-5.2659,-0.012207,0.01634,-0.0036906,0.013206,-0.0084758,0.014615,-0.015,-5.2682,0.00063865,-0.017526,-5.2736,0.0023073,-5.2716,-0.014171,-0.012282,-0.0095715,0.0078516
-5.4421,0.00019991,-5.4334,0.0068238,-0.0054925,0.011418,-0.0084189,-0.0001921,0.0075932,0.0023823,-5.4388,0.0064487,-0.01493,-5.4235,0.0053146,-5.4113,-0.0048732,0.021986,0.0080054,-0.0081853
-0.39783,-0.0093416,-0.39685,0.0097098,-0.0074939,0.006502,0.0096875,0.00052032,0.032882,-0.0086442,-0.39117,0.014978,-0.011469,-0.36922,-0.0012706,-0.3964,0.0014994,-0.0032682,0.0038793,-0.012884
-4.9014,-0.014674,-4.9131,-0.0076814,-0.00033851,-0.0078628,-0.01442,-0.0084351,0.006394,9.9057e-005,-4.9228,0.00029386,-0.003476,-4.8963,-0.0091682,-4.895,-0.0041267,0.0063347,0.010627,-0.0062932
-2.8535,-0.010984,-2.8577,0.0066803,-0.0044988,0.0028641,0.018738,-0.026876,-0.0085335,-0.01457,-2.8613,-0.0030404,0.00011053,-2.8529,-0.0090353,-2.8491,-0.0046934,0.0041648,0.0056952,0.015755
-3.4929,0.0045882,-3.479,0.014739,-0.00079917,0.00091356,-0.027391,-0.0089727,-0.0045057,-0.0010452,-3.5023,0.0034301,-0.012638,-3.484,0.0026714,-3.4872,0.00075337,-0.0001324,0.0035288,-0.0014979
-5.5814,0.0084567,-5.596,-0.0074763,-0.0069985,-0.0063741,-0.012279,-0.011721,-0.0015482,-0.004223,-5.5929,0.01944,-0.0056833,-5.5842,0.021323,-5.5952,0.014061,0.016807,-0.0054304,0.022389
-2.7825,0.00086281,-2.7629,0.024276,-0.0061299,0.014939,0.009577,0.00011144,-0.016782,0.0048127,-2.7633,0.0055729,-0.0036622,-2.7728,-0.020832,-2.7593,-0.0077882,-0.007935,0.0032837,-0.010661
-3.107,-0.010871,-3.0936,-0.019082,0.0052863,-0.007216,0.0025706,0.0080006,-0.0088686,-0.020787,-3.0927,-0.0043106,0.014969,-3.0934,-0.0065795,-3.0993,0.01189,-0.0095299,-0.0086783,0.0034635
-3.0825,-0.020101,-3.0887,-0.0014846,-0.0013887,-0.0044757,-0.0084752,-0.0061886,0.010296,0.0029181,-3.1087,-0.0017418,0.0079782,-3.1001,0.0016906,-3.0942,0.0011279,-0.0013512,-0.0022902,-0.0024749
-8.2258,0.002767,-8.2213,-0.00019022,-0.0090177,-0.0070266,-0.0086859,0.0047905,-0.0045434,0.014083,-8.2217,0.012961,-0.008733,-8.2248,-0.0029136,-8.2321,-0.001598,0.0037735,-0.0053427,0.011911
-3.8017,-0.0073979,-3.7898,0.0045771,-0.0015617,0.0057911,-0.0032962,0.00030624,-0.00053699,-0.0068107,-3.7991,-0.002184,0.0085579,-3.7755,-0.0028501,-3.8112,-0.0056774,-0.0023411,-0.013345,-0.0077359
-4.5606,0.010333,-4.5544,-0.014007,-0.0039982,-0.001914,-0.0024936,0.011838,0.0018501,-0.0039522,-4.5413,0.0059283,0.0051082,-4.5623,0.0086629,-4.5556,-0.01668,-0.0074176,0.0076581,0.00028709
-4.2653,-0.0012149,-4.2633,0.0074095,-0.0089951,0.016854,-0.011467,-0.0083682,-0.0027531,-0.0072606,-4.2832,0.013,0.0082663,-4.2886,-0.010504,-4.281,0.004789,-0.0091836,-0.003693,-0.0040519
-4.2741,-0.0077516,-4.2871,0.0027722,-0.0037985,-0.0099734,0.001105,-0.0036201,-0.0057886,-0.026234,-4.2716,0.00084715,-0.024876,-4.2962,0.0011689,-4.267,0.0023028,0.014372,-0.0045755,-0.0052301
-5.4457,-0.019081,-5.4399,0.006001,0.014809,-0.0036479,-0.0032229,-0.0034459,-0.00044529,-0.011624,-5.4502,-0.0012314,-0.0076307,-5.4244,-0.016238,-5.4423,-0.0058398,-0.021695,0.0032905,0.00075461
-2.9706,0.031673,-2.9738,-0.00039788,-0.0035502,0.012377,-0.013081,0.0010696,0.0018751,-0.018902,-2.965,0.00092148,-0.00011665,-2.965,0.019772,-2.9773,0.01016,-0.0077505,-0.0054741,-0.0062776
-2.8855,0.0059657,-2.8752,0.0048681,-0.0020561,-0.0041684,-0.008479,0.001704,0.0090303,0.00046309,-2.8767,-0.0023743,0.0030346,-2.8867,-0.02416,-2.8942,0.018791,0.0011565,0.015967,0.007204
-2.9647,0.0055645,-2.9697,-0.010212,-0.020374,0.026331,-0.0031867,-0.0059789,-0.00024289,-0.011067,-2.9601,0.0048015,-0.01309,-2.9533,0.0093113,-2.9763,-0.0092601,0.0087523,0.0047698,-0.0057325
-6.0583,0.010212,-6.0639,0.022029,-0.011344,0.0026305,-0.00062462,-0.0035393,0.0025906,-0.0020218,-6.08,0.0043418,0.003582,-6.0473,-0.0037733,-6.0828,0.0042877,0.0004639,0.0046256,0.011309
-4.9078,-0.010502,-4.8901,-0.0093607,-0.003685,0.00025462,0.0048368,-0.018823,0.0084084,-0.0077012,-4.911,-0.0015316,-0.0076588,-4.9183,-0.0048475,-4.9115,-0.0085187,0.0054861,0.00039199,-0.0052723
-5.2552,-0.00084042,-5.2923,-4.3838e-006,0.01209,0.015583,0.0077139,-0.0026433,0.017236,-0.0033546,-5.2739,0.0059449,0.0083889,-5.272,-0.0039429,-5.2707,-0.012145,-0.0071931,0.010892,-0.0041775
-7.4938,-0.0032442,-7.5074,0.0099026,-0.019884,0.010841,0.0059211,-0.005131,-0.019606,-0.003031,-7.5055,-0.0031659,0.0085065,-7.5007,-0.013137,-7.4803,-0.0092777,4.711e-005,-0.010574,-0.010295
-1.9429,-0.027489,-1.9393,-0.0083012,-0.017827,-0.011932,0.010342,-0.0047583,-0.0029715,0.0012862,-1.9458,0.0068761,-0.01028,-1.9511,-0.010611,-1.95,-0.016532,0.0077695,-0.036874,0.011417
-4.6777,-0.010094,-4.6643,0.01787,0.0014989,-0.014122,0.0087461,0.0027122,-0.0070603,-0.0035617,-4.6616,0.0087376,0.0053831,-4.6687,0.0034571,-4.659,0.0056078,0.0030381,0.016448,-0.0031489
-4.9043,-0.008528,-4.8959,0.0051841,-0.02494,0.011497,-0.0032538,-0.03228,0.0097166,-0.019119,-4.9205,-0.00073822,-0.015962,-4.8972,0.0079863,-4.9011,0.00079511,0.0071901,-0.016361,-0.0080875
-2.2423,0.016096,-2.2414,0.0019068,0.0064173,8.5405e-005,0.015375,0.0060202,0.0065221,0.026709,-2.2491,-0.00035223,0.017212,-2.2559,0.012483,-2.2415,0.0026592,0.022918,0.01078,0.015071
-3.1673,0.0040551,-3.1509,-0.011262,-0.0091117,0.0057819,-0.01073,0.015957,0.00037583,0.0076485,-3.1533,-0.012376,-0.024595,-3.1548,-0.022553,-3.1566,-0.0097359,0.0014035,0.0016621,-0.0030743
-2.284,-0.0081869,-2.2869,0.021376,0.010802,-0.010857,0.016889,0.002772,0.0034477,0.006132,-2.2724,-0.00226,0.026985,-2.2932,0.0086024,-2.3047,0.010853,-0.0066291,-0.010601,0.0032896
-1.9485,0.016454,-1.9656,-0.0033753,-0.020113,0.0094892,0.0079076,-0.0061594,0.00044242,0.010774,-1.975,0.0033808,0.0024287,-1.9601,0.0070927,-1.9481,0.0052313,0.0066294,-0.016036,-0.0033624
-2.0991,0.017046,-2.1114,-0.01745,-0.0092845,-0.0074644,-0.014262,-0.0021596,0.032281,-0.0051369,-2.1117,0.0019193,-0.0099785,-2.1273,0.0043108,-2.1176,0.00025539,0.0053292,-0.01563,-0.013112
-3.3254,0.00010357,-3.3431,-0.020098,0.011594,-0.0014935,-0.0016286,0.003024,-0.00016365,-0.017783,-3.3085,0.010634,0.0033187,-3.3407,-0.0018679,-3.3311,0.0054635,0.012225,0.0079938,0.01654
-5.0016,0.0036625,-5.0229,-0.022177,0.0015759,0.010315,0.0093786,0.0070681,-0.025121,-0.019226,-5.0178,-0.0033593,-0.0049066,-5.0283,0.010671,-5.0193,0.0009586,-0.00053657,-0.0051909,0.018344
-3.9003,0.0037308,-3.9211,-0.016466,0.0042173,-0.023566,0.0065836,-0.010017,0.010812,0.011037,-3.9156,-0.013547,-0.0039219,-3.9214,-0.012159,-3.9065,0.0015901,-0.0088738,-0.0092186,-0.0019602
-7.2258,0.010202,-7.2153,0.007663,0.017558,0.01628,-0.0010842,-0.011929,0.018418,0.0014054,-7.2127,-0.023344,0.0048615,-7.2361,-0.0040674,-7.226,0.0035507,0.0046571,0.0025034,-0.0094019
-3.9861,-0.0087412,-3.98,-0.0073843,-0.011765,-0.0060888,0.0018772,0.0029233,-0.0055641,0.0048953,-3.9982,0.0021763,0.0028536,-3.9884,-0.010174,-3.9709,0.0086921,0.0026408,0.010756,-0.0055205
-5.0579,0.0089696,-5.0502,0.0095105,0.022933,-0.0040057,0.0069117,0.021123,-0.0018869,-0.0017682,-5.0447,0.0074482,0.016033,-5.0311,0.0080088,-5.0732,0.0051976,-0.0004173,-0.017937,-0.0096923
-6.6922,0.016176,-6.6839,0.0015009,-0.0050985,-0.012908,-0.0091313,-0.0085336,-0.0022254,-0.01022,-6.6863,0.0071592,-0.0028494,-6.6992,0.0096656,-6.6994,0.021287,-0.01437,0.0030459,0.012886
-3.502,0.013769,-3.478,-0.023517,-0.001521,0.018049,-0.0066353,0.0156,-0.0017525,0.0043733,-3.4952,-0.0098026,0.00721,-3.4927,-0.0038631,-3.4932,-0.0086305,0.0091972,0.0050175,0.0002147
-1.6749,0.020537,-1.6877,-0.0052188,-0.0016509,0.0081047,0.0045726,-0.0021761,-0.0061842,0.012734,-1.6961,0.00078399,0.0034697,-1.6778,-0.017149,-1.6756,0.0044536,0.014992,0.012862,0.013967
-5.0144,0.014533,-5.0458,-0.0044261,-0.0028787,0.0044581,-0.024333,0.010652,-0.010449,0.011891,-5.0424,0.0058875,0.0075884,-5.0398,0.0023596,-5.0251,-0.0043309,-0.0057757,0.0076498,-0.0023624
-5.8706,-0.014008,-5.8917,-0.001248,-0.011536,-0.0043495,-0.00090038,0.012638,0.00020003,0.00049422,-5.8936,0.0058548,-0.0024921,-5.896,-0.011465,-5.8886,0.022488,0.0084017,-0.011282,0.0093653
-6.6468,0.00010964,-6.6233,0.0015621,-0.0025525,0.0031802,-0.013335,0.012287,0.0080551,-0.012994,-6.6487,7.0551e-006,0.019882,-6.6214,0.013135,-6.6491,0.0032938,-0.0017981,-0.019104,0.0088011
-3.326,0.010271,-3.3128,-0.0022341,0.0048504,0.010349,0.0049496,-0.0025764,0.011095,-0.01907,-3.3058,0.004513,-0.0029772,-3.2958,0.0025255,-3.3192,0.0045056,-0.0051205,0.0078232,0.0081853
-5.0324,-0.0045339,-5.0346,0.011835,0.0014973,-0.0068572,-0.027871,-0.00792,0.0076126,-0.01206,-5.0402,0.021671,-0.014868,-5.048,-0.012438,-5.0425,-0.017186,0.0021771,-0.0056655,0.00099609
-0.74202,0.0074423,-0.76089,-0.0091579,-0.019223,-7.5967e-005,0.0028099,-0.011974,0.0089161,-0.015388,-0.73982,-0.0077228,0.0023937,-0.74882,0.020646,-0.75275,-0.0049737,-0.0013576,-0.0065329,0.014718
-5.8349,0.00094868,-5.8299,0.0026812,-0.0083033,-0.0022831,-0.003677,-0.0049977,0.010995,-0.0010722,-5.8287,-0.011967,0.011427,-5.8238,-0.0013753,-5.8163,0.0086504,-0.011423,-0.0012375,-0.00066069
-7.7636,0.0012106,-7.7911,-0.010494,-0.019148,0.0085105,0.0072741,-0.035793,-0.0025559,-0.0046236,-7.7624,-0.0047367,0.0087359,-7.7768,0.0093373,-7.7542,-0.0057382,-0.013431,-0.0021058,-0.0004679
