-0.0099198,0.0092565,-0.0029875,-0.011439,0.0068487,0.0086552,-0.0020706,-0.011482,8.1379,0.011529,0.0058777,8.1682,8.1569,0.0037228,-0.013961,-0.0029857,-0.0032085,8.1589,0.022023,-0.0011482
0.0028041,0.012487,0.0021602,-0.0058827,0.0051077,-0.0020441,-0.011615,0.0027725,3.3902,-0.004479,0.01657,3.4003,3.3789,-0.019966,-0.012913,0.0057106,-0.0085568,3.3776,-0.009506,0.013626
-0.01446,0.003736,0.020177,-0.011929,-0.0081853,-0.0085552,-0.0103,0.0032957,6.2882,0.0064742,-0.0027054,6.2893,6.2941,-0.0038416,0.010632,-0.009113,-0.0027028,6.2722,-0.022517,0.0095587
-0.0072888,-0.0099283,0.002944,0.0095173,0.011679,0.018556,0.0013966,0.013741,7.0043,0.011293,0.00031157,7.0001,7.0143,-0.01765,0.002791,-0.008729,0.0097333,6.9942,-0.0017151,0.00084418
-0.017748,0.0063046,0.0046212,-0.013081,-0.014111,0.0098418,-0.0086566,-0.0098421,7.93,-0.0004203,-0.021838,7.9206,7.9267,0.0052265,-0.0080281,0.0073172,0.0084012,7.9261,-0.0048614,0.011736
0.0048732,-0.0047471,-0.00076141,0.0019385,0.009498,-0.002238,0.0059574,-0.0070338,7.991,0.0021405,-0.00043387,8.0186,7.9818,0.0040571,-0.007998,0.0011201,-0.0085095,8.0038,-0.014704,-0.007774
-0.012801,-0.014467,0.0088158,-0.0026766,0.011815,-0.0013988,-0.011899,-0.0099064,2.925,-0.013059,0.021448,2.9322,2.9407,-0.0086142,0.027336,-0.0061954,0.0039359,2.9325,-0.0036723,0.003326
-0.0074758,-0.014446,0.0030422,-0.0039132,-0.0011686,0.0074199,-0.010393,-0.0091495,6.2373,0.013333,0.00021546,6.2152,6.2168,0.01386,-0.015368,-0.012058,0.015395,6.2031,0.0043887,0.0063169
-0.00093035,-0.015854,-0.011923,0.0032731,0.029536,-1.0097e-007,-0.01305,-0.0063121,8.0691,0.00099691,0.0076,8.065,8.0894,-0.0044852,-0.0077728,-0.019323,-0.0073898,8.0911,-0.010794,0.020567
0.0014824,0.006842,-0.0032083,0.011911,-0.006761,0.015216,-0.0063318,0.0043833,10.418,-0.015682,-0.0053758,10.423,10.442,-0.017429,-0.010698,0.024353,0.0061667,10.426,-0.017123,0.0092817
0.0051575,0.026808,0.0067844,0.0048162,-0.0030941,-0.015972,-0.0070186,0.00047636,5.6089,0.0042706,-0.0069916,5.6261,5.6444,-0.0073461,0.010301,-0.012003,-0.0015682,5.6193,0.0093966,0.0054038
-0.011165,0.0096317,-0.010549,-0.0071562,0.0080777,-0.003806,-0.0046852,-0.010161,7.0296,-0.0097683,-0.0090771,7.0223,7.0222,-0.0088569,-0.0045551,0.0037057,0.016136,7.0366,0.0082091,0.00017803
0.01675,0.0012886,-0.011047,0.0071392,-0.0079314,0.02064,0.013306,-0.01107,5.5274,-0.012426,-0.00099842,5.5414,5.5265,0.0058426,-0.0098154,-0.00091891,0.00080672,5.5287,-0.0049506,0.0058559
-0.013266,-0.0013511,0.0058629,0.029022,-0.0017696,0.023762,-0.012435,0.00033477,10.859,-0.0015537,-0.01216,10.878,10.887,-0.00070848,0.01438,-0.019586,-0.0027237,10.877,0.018971,-0.0081493
0.00045016,0.00047016,-0.0050149,-0.0092176,0.0016452,0.0062839,0.0024282,-0.0016251,7.9002,-0.015067,-4.7635e-005,7.9316,7.9106,-0.00069362,0.017494,-0.0138,0.0044351,7.8988,0.0068117,0.0057346
0.021668,-0.0012991,0.017025,-0.0080224,-0.0025401,0.010045,0.0021008,0.001033,8.2509,-0.00016092,-0.0065278,8.246,8.224,0.0089698,0.0064145,-0.010413,-0.010663,8.2516,-0.0099809,-0.013312
0.002228,0.00041202,0.0040459,-0.010439,0.0074901,0.00016871,0.0041725,-0.009441,7.4509,-0.016706,0.02287,7.4377,7.4296,0.0022814,-0.016803,-0.0031783,-0.0028644,7.4344,0.012822,0.0006721
0.021458,-0.0065755,-0.0007941,-0.0029349,0.0031793,-0.0046062,-0.0013718,-0.022568,6.9327,0.009846,-0.0084386,6.9471,6.9334,0.013994,-0.014813,0.0037852,-0.0050122,6.9303,0.0066131,0.018805
-0.0027031,0.026766,-0.0041583,-0.01029,-0.00837,-0.0050834,-0.0043031,-0.0065045,6.2596,0.0040086,-0.018516,6.2598,6.2617,-0.0029927,0.0018409,-0.012702,0.0042958,6.2619,0.0049054,0.0046317
0.010869,-0.00045876,0.011487,7.7959e-005,0.030938,0.028524,0.016189,0.0055878,8.1513,-0.00095245,-0.0070797,8.1313,8.1449,-0.0034004,-0.0091799,-0.0026506,0.0043597,8.1396,-0.0021153,0.0066877
-0.0041253,-0.009484,-0.002466,0.01134,0.012127,-0.0012415,0.003901,-0.0093654,8.2732,-0.00025778,0.023521,8.2663,8.2636,-0.00776,-0.015283,0.0044198,0.00439,8.2643,0.0083106,-0.00099361
0.0075281,-0.011254,0.0034725,-0.0098084,-0.014928,0.012443,-0.0092795,-0.0035519,11.903,0.0050021,0.0055575,11.915,11.92,-0.003926,0.012163,-0.0055006,-0.0014283,11.912,0.0068263,-0.00039451
-0.0081162,0.0068414,0.0076616,0.013055,0.0083483,-0.001892,-0.0075723,-0.00093758,6.4496,-0.0044145,-0.021707,6.4567,6.4488,0.0042228,-0.014458,0.0043718,-0.00029122,6.4415,0.0042062,0.0048886
-0.0049811,-0.0073588,-0.00029336,-0.0075259,-0.0027855,0.0098177,-0.00093849,-0.0068771,6.8513,-0.0023435,0.0020628,6.8546,6.8528,0.0028606,0.0022969,-0.018067,0.011133,6.8566,0.0058225,0.0014955
-0.014039,-0.0036428,0.0095214,-0.0017361,0.0026402,-0.0096101,0.00086632,-0.012991,7.8969,0.0076959,0.0050977,7.8808,7.9027,-0.00069135,0.0019691,0.019041,0.0075839,7.9089,-0.0063127,0.010488
-0.01523,-0.00044257,-0.0036401,-0.013283,-0.012449,-0.0077557,-0.015464,-0.013588,6.5606,0.00040863,0.018028,6.5583,6.5602,0.0013965,0.0018685,-0.0011425,-0.010663,6.5646,0.015206,-0.0088917
-0.0019148,-0.00054754,0.0055938,-0.0065705,0.0061578,-0.012033,-0.02437,-0.0045201,4.7335,-0.021717,-0.010198,4.7503,4.7316,0.0038725,0.0028715,-0.015609,-0.0082892,4.7439,0.0055838,0.0023194
0.0015427,-0.0010877,-0.0067329,0.0084753,0.003161,-0.0090052,-0.002857,0.013955,6.5978,-0.017767,-0.0008452,6.594,6.5926,-0.010849,-0.011052,-0.0094637,-0.0046592,6.6087,-0.013225,-5.7184e-005
0.0043471,0.0026818,-0.0056742,0.010978,0.0026908,0.018261,0.011001,0.0019957,8.361,-0.00076121,0.0029894,8.3934,8.3697,0.0080111,-0.0019826,-0.00060702,-0.0079437,8.3875,0.0086513,-0.0014185
0.0078652,-0.0071138,3.1185e-005,-0.0017609,-0.00041037,-0.00072297,-0.005388,-0.0015383,6.2914,-0.00087911,-0.016454,6.2929,6.3038,-0.0045603,0.0035911,0.011753,-0.0093737,6.3061,-0.0075812,0.010108
0.014096,-0.0058711,-0.0075639,-0.00082812,0.017886,0.0076011,0.0014134,-0.0086854,3.2166,-0.0067064,-0.0071506,3.2426,3.2275,-0.006046,-0.0029074,-0.0018955,-0.012714,3.2369,0.00013639,-0.0016273
0.01076,-0.0071827,-0.023451,-0.0051159,-0.0089406,0.0029439,-0.0070237,-0.0041836,7.4419,0.0085532,-0.0012219,7.4685,7.4595,0.0073789,0.0080961,0.011638,0.0079401,7.4593,-0.0086369,-0.0055543
-0.019173,-0.012994,0.007913,0.0039406,0.020129,0.005016,-0.006118,0.016697,6.3447,0.030389,-0.0042404,6.3501,6.3428,0.0034176,0.00098162,-0.0080339,0.017391,6.3608,-0.015343,0.0054521
-0.000873,0.01553,0.015623,0.00034286,-0.014514,-0.0056961,0.0065416,-0.0070578,6.3995,-0.010769,-0.016995,6.3807,6.3982,0.0089491,-0.0014216,0.015055,0.014621,6.4028,-0.0037474,0.00228
0.00071228,0.0085539,-0.0060467,-0.0075632,-0.0061996,0.0041161,0.0046907,-0.0040892,6.433,0.003744,0.0090826,6.4396,6.4323,-0.026207,0.012946,-0.014951,-0.010065,6.4371,-0.0012311,-0.010049
0.009498,0.0038041,-0.014839,-0.003368,0.0049877,-0.008097,0.002107,-0.022562,5.9457,-0.0084513,0.005961,5.9452,5.9299,-0.014817,-0.0045243,0.016309,-0.0090642,5.9243,-0.02264,-0.014963
0.0024257,0.0012392,0.00055254,0.016558,-0.0056488,-0.0021911,0.0053939,-0.0067677,9.6712,0.0011386,-0.0058811,9.6601,9.6865,-0.0041121,0.0024131,-0.0086256,0.0030934,9.684,0.0073049,-0.0046686
-0.018013,-0.022129,-0.0017287,0.0011277,0.018355,-0.0095422,0.021791,0.024793,9.389,-0.0021331,-0.01224,9.4033,9.3905,0.00055707,-0.014202,0.01002,-0.0017299,9.3987,0.019701,0.0086871
-0.011907,-0.0062019,-0.0099746,0.0024298,0.0096418,0.0022074,-0.0014225,-0.00097933,7.6021,-0.0024461,0.0052912,7.6291,7.6182,0.0058959,0.0080988,-0.020141,0.0021627,7.6288,-0.0075365,0.018103
-0.018472,0.0011609,0.0039087,-0.0011074,-0.0026551,0.0019844,0.0065258,-0.024061,5.2696,-0.0066528,0.0016431,5.2672,5.243,0.0042522,-0.015192,-0.021704,0.012992,5.27,-0.017162,0.0052675
-0.0047838,-0.0040443,-0.0049607,8.2801e-005,-0.0072413,-0.0017192,0.012248,-0.0072965,7.0613,-0.0056567,-0.0026662,7.0665,7.0615,-0.0021372,-0.0018534,0.006826,-0.0042311,7.0662,0.002324,0.0070121
0.0082614,0.007394,0.020169,0.014178,0.0075617,0.0060896,0.0026319,0.003783,10.002,0.012969,-0.017074,9.9811,10.004,0.0043157,-0.010796,0.014162,-0.0021577,9.9882,-0.0048436,-0.018279
0.0075605,-0.0084036,-0.0079717,-0.0029193,0.0015158,0.0048583,-0.012841,-0.0093811,8.7477,-0.0033931,-0.0077714,8.7546,8.7539,0.0097281,0.0017976,0.0095588,-0.0102,8.7372,0.022645,-0.0046372
0.0097577,-0.022062,0.0026671,0.0068838,-0.0060834,0.012493,0.014886,-0.0095708,6.3961,0.00066547,0.0047642,6.3861,6.3773,-0.010963,0.00053439,0.0030033,0.0087709,6.3619,0.0044758,-0.010425
-0.0095461,0.013627,-0.00066872,-0.0015021,-0.004399,0.012096,0.03104,0.00082555,6.5099,-0.0092983,-0.00034659,6.519,6.512,-0.010073,-0.0016115,-0.0031964,0.0035733,6.5302,0.004882,-0.0041568
-0.01091,0.0063716,0.01656,0.018513,-0.010858,-0.0040296,0.0056359,-0.014541,7.7067,-0.0074783,0.016187,7.7056,7.7098,0.00069833,-0.0068382,-0.023409,0.013319,7.7126,0.0053072,-0.00056207
0.011912,0.00011039,0.0062081,0.012983,0.0014241,0.014894,-0.021857,0.0096802,10.231,-0.0062077,-0.011706,10.24,10.249,0.024331,0.011512,0.011965,-0.002109,10.241,-0.0035701,0.0063701
-0.00026609,-0.0081243,7.8906e-005,-0.011432,0.0063999,-0.017063,-0.014771,-0.0059888,10.751,-0.0047345,-0.0024623,10.744,10.727,0.007892,0.0095154,-0.007649,-0.0011073,10.746,-0.0079951,0.0030296
-0.0035704,0.022512,-0.0060313,0.0030553,-0.005274,0.0003776,0.0087429,0.0027496,5.3346,0.0015356,0.021843,5.3363,5.3305,-0.0087345,-0.016476,-0.014396,-0.0025771,5.3442,0.00021565,-0.0035992
-0.013286,-0.0044851,-0.01437,-0.0010794,0.0022075,-0.0093393,-0.0020128,0.00044181,7.6648,0.011753,-0.01061,7.681,7.6948,-0.0029269,-0.005911,0.01007,0.0018286,7.6795,0.010007,0.0023313
