-0.0039819,0.015154,0.0068574,4.1762,0.0007708,4.1556,4.152,-0.0067652,4.1683,0.011887
0.014546,-0.026315,0.0031493,4.2976,-0.014937,4.2888,4.277,0.013978,4.2784,0.0058052
0.0002047,0.0069701,-0.0050484,4.8997,-0.0048989,4.9134,4.8997,0.013087,4.8971,0.0036599
-0.0051465,0.0077949,0.0052165,7.8479,-0.0088611,7.852,7.8242,0.0033957,7.836,-0.00099885
0.0003226,0.0029343,-0.0092697,7.9302,0.014321,7.9225,7.9197,-0.0044745,7.929,0.002627
0.0035083,0.007834,-0.0048676,2.1275,0.0036389,2.1258,2.1171,0.0039466,2.1155,-0.0063896
-0.0040469,-0.0054388,-0.0062956,3.6878,-0.016581,3.691,3.6797,-0.0096712,3.674,-0.004048
0.0099003,7.1019e-005,0.0086231,3.6627,-0.0029951,3.655,3.6446,-0.0019052,3.6735,-0.0044763
0.0010406,-0.0079474,0.022273,3.3887,0.005025,3.3904,3.3814,0.041541,3.3863,-0.01134
0.0010189,0.011335,-0.0059836,0.2671,0.0024404,0.29234,0.28199,0.00024243,0.29185,0.0082002
-0.0011907,0.0093831,0.0061991,2.2909,-0.0081023,2.2935,2.3036,0.018491,2.2797,0.0013914
0.0054345,0.0075007,-0.011815,-0.87482,-0.0027116,-0.88151,-0.86701,0.011984,-0.85981,-0.0031256
0.02236,-0.0015594,0.016208,8.9239,-0.010107,8.9248,8.9468,0.0092049,8.9522,-0.0036436
-0.0037229,5.3458e-005,0.013731,0.16988,0.00072157,0.16414,0.15618,0.0010271,0.15169,-4.9759e-005
0.01376,0.0091017,-0.0025339,5.2631,-0.0071572,5.276,5.2975,0.0097872,5.2904,-0.0095132
0.0078287,-0.0029896,0.016242,5.3273,-0.0027279,5.3402,5.3237,0.0037264,5.3359,0.012062
-0.012436,0.0032394,0.0030524,6.6855,-0.006823,6.6822,6.6737,0.0088497,6.6677,-0.012102
-0.00018707,-0.0074674,-0.014655,4.0696,0.00090104,4.0572,4.0553,-0.014061,4.0642,0.00096397
-0.00028009,0.0087512,0.0045549,4.8134,-0.010003,4.8184,4.785,-0.0087713,4.809,-0.0015404
-0.00022747,0.0058592,-0.01517,5.9276,0.015104,5.9219,5.9194,0.013146,5.937,-0.0082516
0.020871,0.0072191,0.012488,0.74916,-0.0077101,0.77406,0.75868,0.010183,0.7494,0.0088414
0.0034598,-0.0095934,-0.0024491,5.2783,0.00093645,5.2757,5.2681,0.018312,5.2735,0.00013088
0.0091785,-0.00017103,-0.0085478,6.5841,-0.0093998,6.586,6.6001,0.0049924,6.5939,-0.010231
0.0036238,-0.006048,0.0092159,4.8643,-0.0009099,4.8638,4.8575,2.5309e-005,4.8692,0.017503
0.0056509,0.022697,0.016046,5.0241,0.014038,5.0005,5.0044,0.017588,5.0166,0.00045459
0.020405,-0.004138,0.012464,0.40518,0.0010917,0.40701,0.42063,0.014806,0.42299,-0.0011257
-0.00691,-0.013172,0.0089505,3.8455,0.0032012,3.8456,3.846,-0.019116,3.8467,-0.0090832
-0.0086036,-0.0040825,-0.0074325,4.2897,0.027366,4.3008,4.304,0.0024926,4.3274,-0.0095509
-0.021252,0.0088192,0.00052911,2.4278,0.0028494,2.4244,2.4314,-0.0022249,2.4123,0.017439
-0.0058727,0.013323,0.0092131,4.0837,-0.0049299,4.097,4.0744,3.4804e-005,4.081,0.0036684
0.0019924,-0.0041635,0.007681,4.7738,-0.012961,4.764,4.7492,0.0023113,4.7666,-0.02105
0.0022671,-0.0063896,0.0029428,2.5539,0.0057276,2.5316,2.5344,-0.0010774,2.5312,0.0048792
-0.011236,-6.2775e-005,-0.010839,4.5977,0.0080344,4.6102,4.5915,-0.0084483,4.5818,-0.0019378
-0.00013623,0.01124,0.0053471,3.728,-0.0051768,3.7538,3.7198,0.011525,3.7448,0.010064
-0.0073322,0.0018736,0.011861,2.3268,0.0085491,2.3219,2.3259,0.024468,2.3332,0.01901
0.0080568,0.012389,-0.0092286,-1.1934,-0.009161,-1.2014,-1.1926,-0.0010367,-1.2039,0.0074145
0.0054116,0.0087147,0.0010257,4.1262,0.00018832,4.1388,4.1632,-0.0047241,4.1412,-0.0060659
0.014332,-0.0069468,-0.0015583,5.3508,-0.014645,5.3461,5.3444,-0.004162,5.3473,-0.02614
-0.011149,-0.016596,0.0017775,5.2681,-0.0076396,5.2869,5.2646,0.0013478,5.2752,-0.00048172
-0.0083721,-0.0028446,-0.00353,6.5329,-0.012028,6.528,6.5333,0.013073,6.534,-0.006126
-0.0022088,0.0058119,-0.0028214,8.1179,-0.010543,8.1289,8.1279,-0.010226,8.0987,-0.0040548
-0.0090194,-0.0089695,-0.0050879,1.5444,-0.0081324,1.549,1.5561,-0.010789,1.5609,0.010073
-0.00093313,-0.0039513,-0.0069704,-0.56736,-0.010474,-0.58406,-0.58197,-0.0045983,-0.58243,-0.010078
0.0099548,0.0036365,0.007753,0.42191,-0.0046389,0.43384,0.42595,-0.0011686,0.42562,0.0075805
0.0069713,0.00017565,0.0087068,1.626,0.011157,1.6498,1.6447,0.025174,1.6582,0.021122
0.0053172,0.0054803,0.0056123,3.5847,-0.012512,3.5916,3.6017,-0.0091808,3.6043,-0.0052918
-0.015041,-0.0027409,-0.00025333,2.9137,0.01529,2.9024,2.9061,-0.0097489,2.9042,0.0066212
-0.00076105,0.0047456,-0.0051605,2.0521,0.021076,2.0146,2.0256,-0.0014818,2.0358,0.0030554
-0.015763,-0.012601,0.0002696,4.0224,-0.010966,4.0152,4.0128,-0.010015,4.0134,0.016133
0.020008,0.0035382,-0.0071736,3.0752,-0.010493,3.0706,3.1056,0.0023881,3.0948,0.0019429
