3.0686,0.0030883,-0.0033948,0.0032749,3.0759,-0.0063427,3.0686,-0.018167,3.069,0.0014698
5.1823,-0.00067216,0.011678,0.002894,5.1978,0.012191,5.1647,-0.0082376,5.1806,0.0021258
0.86092,-0.00020998,-0.0021377,0.0012721,0.83298,0.015043,0.84147,0.003289,0.84823,0.010088
3.3378,-0.0082492,-0.0027359,0.0007133,3.341,0.013712,3.336,0.01159,3.3503,0.0094452
3.641,-0.0069474,0.00013174,-0.01633,3.6473,-0.013135,3.6411,-0.014093,3.6492,-0.0019495
3.1758,-0.0013015,0.012648,-0.018647,3.18,-0.027601,3.1733,-0.0028843,3.1567,0.0034665
4.4282,0.0014241,0.0027171,0.0018383,4.4359,0.015358,4.4439,0.0089939,4.4563,0.018008
3.4967,0.0066144,0.012631,0.014604,3.4788,0.021114,3.4796,0.012036,3.4986,-0.00096473
2.243,-0.01092,0.003916,0.017764,2.2249,0.0056816,2.2289,0.0027367,2.2454,-0.00075476
1.56,0.018066,0.0020575,-0.019438,1.5603,0.016657,1.5296,-0.015009,1.5395,0.0014753
2.4761,-0.0075397,-0.006744,0.0056938,2.4809,-0.015526,2.4856,-0.013412,2.4854,-0.00053849
4.8758,0.010375,-0.00014336,0.0079132,4.8717,-0.006348,4.8435,0.0022787,4.8675,0.0013549
1.8138,0.0064786,-0.022439,0.00080502,1.8363,-0.0080994,1.8441,0.0076671,1.8272,0.010152
2.2172,0.0050498,0.0060951,-0.013063,2.2357,-0.016068,2.2045,0.0076347,2.2178,0.017028
6.2365,-0.00087361,-0.0084627,-0.0059004,6.231,0.0033673,6.2369,0.019183,6.2607,-0.016007
2.3246,0.00057379,0.022906,-0.0012964,2.3306,0.012054,2.3176,0.015689,2.3175,-0.0029221
3.9003,0.010389,0.002933,0.0087211,3.8769,0.0017721,3.8833,0.0026186,3.8898,-0.0048863
3.9523,-0.0025396,-0.0017112,0.0068832,3.944,0.010263,3.9578,-0.0024659,3.9433,0.0034557
3.177,-0.021108,-0.013505,-0.00087242,3.1779,-0.0018831,3.2051,0.02115,3.1811,-0.010185
6.7417,-0.028432,-0.0076236,-0.0069924,6.7426,-0.0076607,6.7546,0.01317,6.7469,0.001387
1.0875,6.5799e-006,-0.013264,0.0095574,1.1091,-0.0063406,1.0885,0.006065,1.0948,0.0043024
1.6557,0.00089448,0.013001,-0.0010038,1.6334,-0.0052531,1.6328,0.015041,1.6383,0.0058194
5.566,-0.015934,-0.001028,-0.0045926,5.5811,0.0077391,5.5862,0.0099108,5.5873,-0.013313
4.7181,0.014719,-0.0067761,0.011414,4.7321,-0.0058546,4.736,0.012018,4.7553,0.0075044
2.8807,-0.015468,7.3268e-005,0.0091333,2.8771,-0.01803,2.893,0.0053936,2.8928,0.0082198
4.3831,0.011047,-0.011521,0.0097231,4.3687,-0.0046122,4.3718,0.00090423,4.383,0.015268
3.7064,-0.020641,-0.0048405,0.0065276,3.7087,0.0066745,3.7145,0.009494,3.7126,0.0014544
3.7522,-0.020663,-0.0014342,0.0028543,3.7527,-0.0010176,3.7654,-0.006564,3.7425,-0.020386
5.8809,-0.0064599,0.0042825,0.0093018,5.882,0.012713,5.8932,-0.0065532,5.8857,0.007717
3.4277,-0.012017,0.014587,0.0061212,3.4155,0.0060932,3.4454,-0.011896,3.4404,-0.0055761
4.5394,0.0057758,0.005045,-0.012949,4.5289,-0.0076402,4.5165,0.013767,4.5361,-0.009493
5.3967,-0.0060646,0.00091102,-0.0039883,5.393,-0.006049,5.3893,0.0023302,5.3879,0.006596
0.50786,-0.0065493,0.0090797,-0.0008644,0.50165,0.0064504,0.50616,0.0056918,0.49947,-0.02639
2.7029,0.00789,0.0068753,-0.010796,2.7089,0.0043237,2.7006,0.0072951,2.7136,0.002932
4.9037,-0.020872,0.007016,0.012099,4.9124,0.012909,4.9259,0.0020486,4.9091,0.0015198
3.4946,0.009154,-0.0055969,0.0053288,3.514,0.0081591,3.4998,-0.0076857,3.5036,-0.0037586
2.5411,-0.0012698,-0.0057017,0.017993,2.5802,0.0156,2.5607,-0.0032253,2.5588,0.015512
3.5202,0.0012077,-0.0051315,-0.0085813,3.5177,0.0040064,3.5237,0.0071317,3.5228,-0.0095382
5.6799,0.014305,0.0042808,-0.0081389,5.678,0.0023081,5.6858,0.00070157,5.6772,-0.0074205
4.4936,0.0074167,0.0069425,0.0041509,4.4981,-0.0015973,4.4916,-0.0089544,4.4919,-0.0046385
2.4692,0.011894,0.0032518,0.0068773,2.4755,0.012431,2.4707,-0.0030503,2.4763,0.0017126
5.1441,-0.0044177,-0.016904,0.0051496,5.1445,0.0020663,5.1313,-0.011958,5.1426,-0.011235
4.821,0.0085441,-0.012899,-0.0038764,4.8137,0.0028452,4.7983,-0.010145,4.8326,0.001332
2.71,-0.021433,0.009629,0.0010211,2.6891,-0.0059246,2.6902,-0.0034771,2.7159,0.00040607
2.3327,-0.003186,-0.011712,-0.00087966,2.3257,-0.0121,2.3262,0.0068797,2.3462,0.0027416
2.7053,0.0092202,0.0021166,-0.0048773,2.7237,0.0047915,2.7248,-0.0045862,2.7411,0.017745
5.9484,0.0028407,-0.0064379,0.0053041,5.9519,-0.00044841,5.9434,0.030515,5.9498,0.0026804
5.9565,-0.015995,0.0065069,-0.0014465,5.9648,0.0093516,5.9508,-0.0015797,5.9765,-0.0068074
2.8939,-0.0030625,-0.015903,0.002186,2.9115,-0.0081351,2.9069,-0.0029978,2.9291,0.00023669
4.0119,-0.0079454,-0.037308,-0.0020021,4.0062,0.0021698,3.9919,0.0073157,4.0094,-0.013044
