-0.0003555,-2.3788,-0.0050609,0.0049243,-2.379,-0.0049944,-2.3831,-2.3809,-0.0036872,-2.3958
-0.01026,-1.2903,-0.011468,0.0043967,-1.2879,-0.0046635,-1.3008,-1.292,-0.011016,-1.276
-0.0068664,-0.57804,0.013209,0.0095494,-0.56155,0.0011866,-0.59544,-0.59317,-0.015082,-0.59126
0.0015922,-2.4962,-0.015169,-0.016263,-2.4886,0.0039208,-2.4601,-2.4782,0.007501,-2.4744
0.0011312,-0.58532,-0.0098505,0.00021128,-0.58648,0.0030876,-0.5828,-0.58434,-0.00028409,-0.58947
-0.0033983,-1.7755,0.015722,0.0053449,-1.7791,-0.010546,-1.7926,-1.7758,-0.0046179,-1.7841
-0.005727,-1.7746,-0.025825,-0.013937,-1.7821,0.011227,-1.7699,-1.7663,0.013735,-1.7643
-0.0037108,-2.4316,0.0083645,-0.00015017,-2.4362,-0.0049258,-2.4336,-2.4477,-0.0095706,-2.426
0.008964,1.3583,0.011285,-0.00057731,1.3768,-0.012945,1.3797,1.3756,-0.021213,1.3778
0.010136,-1.7222,0.0089212,0.0021142,-1.7335,0.0051797,-1.7427,-1.7319,0.0047932,-1.715
-0.015858,-3.367,0.0019468,-0.0068396,-3.3474,-0.0045595,-3.3458,-3.3467,0.0057715,-3.3633
-0.014936,0.21979,-0.00055143,-0.0067132,0.22179,-0.0065451,0.22598,0.23207,0.0055862,0.21106
0.0062703,-2.3503,0.0015474,-0.0069788,-2.3518,-0.0022254,-2.3384,-2.3547,0.0037441,-2.3529
0.014487,-1.887,0.0020772,-0.0077138,-1.9022,-0.020949,-1.8943,-1.8798,0.0029901,-1.9024
0.011976,0.24465,0.016158,-0.0058422,0.2306,-0.013032,0.22685,0.22531,-0.0040268,0.23403
-0.010464,-4.6417,-0.0096204,0.0031925,-4.6431,0.026078,-4.6453,-4.6485,-0.017442,-4.6596
0.013528,-0.86102,-0.011072,-0.0061988,-0.85596,0.0019388,-0.84675,-0.85781,0.012235,-0.86492
-0.030635,-2.0121,-0.0018412,-0.0031238,-2.0206,-0.0078739,-1.9987,-2.018,-0.0053931,-2.0006
0.0062909,-2.1376,0.022368,-0.01798,-2.1414,0.0088753,-2.1494,-2.1447,0.0043872,-2.161
-0.00034661,-0.76781,-0.0012173,0.010788,-0.76251,-0.017724,-0.76278,-0.76511,0.009204,-0.77518
0.0031593,-2.3487,-0.0073978,-0.01514,-2.3398,0.0076414,-2.3602,-2.3618,0.010004,-2.3413
0.0054592,-1.3847,0.011603,-0.00096054,-1.4057,-0.0056116,-1.3987,-1.3983,0.012396,-1.3969
-0.014653,1.8526,0.0073054,-0.004296,1.8661,-0.0071911,1.8517,1.8425,0.0017993,1.8327
-0.0062078,-2.9063,3.1697e-005,0.022714,-2.9068,0.019028,-2.9188,-2.9002,0.0060963,-2.9103
0.017917,-1.1174,0.0059219,-0.0098504,-1.122,0.0047241,-1.1085,-1.1045,-0.013375,-1.1156
0.00037759,-1.8474,-0.010992,-0.0017894,-1.8476,0.00093748,-1.867,-1.8462,-0.0007494,-1.8411
0.008432,-1.3636,0.020954,-0.0006208,-1.3687,0.010905,-1.3532,-1.3669,-0.0054768,-1.3586
-0.0080405,-2.543,0.0095706,-0.0012153,-2.5288,-0.0082096,-2.512,-2.5108,0.00030815,-2.5331
0.0086379,-2.0457,0.0051711,-0.0036515,-2.0621,0.0038522,-2.0533,-2.0603,-0.0032251,-2.0561
0.0067172,-0.53031,-0.010647,0.0028299,-0.51978,-0.0020876,-0.53697,-0.5483,0.0037918,-0.5267
-0.0070297,1.4363,0.0145,0.0095152,1.437,0.00099457,1.4513,1.4493,0.004658,1.4448
0.00034628,-1.8691,0.0032091,0.008056,-1.8723,-0.00046258,-1.8729,-1.8582,-0.013633,-1.8549
-0.0086874,-2.0476,0.0082278,-0.0052721,-2.0399,-0.0035823,-2.0392,-2.0379,0.0049313,-2.037
-0.005619,0.48208,-0.0056857,0.004487,0.49456,0.0021131,0.49152,0.47756,-0.0027668,0.49004
-0.00030913,-2.4069,0.004884,0.0090186,-2.4192,-0.012838,-2.4066,-2.393,-0.00083329,-2.4188
0.0035369,-0.15875,-0.0080538,-0.0014555,-0.18544,0.0090851,-0.16906,-0.17528,-0.0090866,-0.17153
-0.012617,0.099924,-0.010267,-0.0065164,0.11585,-0.0018725,0.10273,0.10638,-0.0061995,0.096565
-0.0035845,-2.7322,-0.0056358,0.004668,-2.7174,-0.0020042,-2.6939,-2.72,-0.0034789,-2.7104
0.00016966,-3.616,0.0039286,0.0055093,-3.6043,0.00045135,-3.6222,-3.6111,0.0042113,-3.586
-0.014423,0.57481,-0.007487,0.0088093,0.5494,0.0013192,0.57038,0.55887,-0.008617,0.58437
0.0053784,1.181,-0.0020581,0.008234,1.2107,0.0051227,1.1784,1.2015,0.022623,1.1896
-0.01262,-2.5327,0.006856,0.0009384,-2.5335,-0.0081203,-2.5205,-2.5326,0.012754,-2.5202
-0.0017492,-2.0421,0.00053101,-0.011636,-2.0209,-0.01408,-2.0257,-2.031,0.0017617,-2.0217
0.00093922,0.76685,-0.015663,0.0096713,0.77595,-0.0024467,0.75178,0.76235,-0.011138,0.74633
-0.0047206,-1.4012,-0.0019508,0.00073551,-1.3771,0.011814,-1.3919,-1.3871,-0.0052119,-1.3805
0.012335,-1.4535,0.0062892,0.015354,-1.4427,-0.008224,-1.4566,-1.451,0.0059552,-1.454
0.0107,-0.18065,-0.0046547,-0.011555,-0.19479,-0.014922,-0.16496,-0.17981,-5.9503e-005,-0.20049
-0.0065101,-1.1148,0.0041164,-0.0021224,-1.1334,-0.020926,-1.1025,-1.1405,-0.0047721,-1.1002
0.0062474,-3.763,-0.0066763,-0.0026641,-3.7627,-0.016158,-3.7716,-3.7545,0.00034086,-3.7676
-0.0011596,-2.7658,-0.0023148,0.00081989,-2.7546,0.0022797,-2.7623,-2.7637,-0.0073806,-2.7702
