2.0097,2.0186,-0.0044791,2.0206,2.0077,-0.016189,0.0015131,-0.0019352,-0.00084727,0.0035942
-0.96984,-0.96783,0.015221,-0.94475,-0.96355,-0.0010954,-0.0040096,0.00011908,0.00057002,0.011341
-0.63466,-0.6377,-0.0037203,-0.62257,-0.6116,-0.0086333,0.011233,0.020359,0.0066819,-0.0029936
0.93988,0.95567,0.015507,0.93171,0.94245,-0.0031886,-0.0050168,-0.0054364,0.0039448,0.0098285
1.9158,1.915,0.00032083,1.9113,1.9006,0.01756,0.013536,-0.0034053,0.012883,0.00097172
-2.7262,-2.7091,-0.00231,-2.7238,-2.7249,0.0083727,0.0088112,-0.016619,-0.0054768,-0.0056229
0.0051209,0.012357,0.001193,0.0038851,0.017176,-0.013099,-0.0072638,0.0078017,-0.0028756,0.0036371
-2.0397,-2.0418,-0.0051303,-2.0471,-2.0337,-0.0067563,0.01591,-0.014733,-0.0082028,-0.0075587
-0.93636,-0.94082,0.019454,-0.93951,-0.94626,-0.009223,0.010894,0.0070177,-0.0082737,-0.0085794
-0.39047,-0.38188,-0.025199,-0.37509,-0.38085,0.018879,0.0029102,-0.0023419,-0.0078847,-0.00031569
-0.041847,-0.046141,0.010824,-0.029143,-0.041235,-0.0064997,0.007484,0.015769,0.01685,0.0016926
0.07685,0.072958,-0.0022013,0.077817,0.056121,0.010465,0.0080085,-0.0078979,0.01964,0.0090366
-1.1638,-1.1735,0.0098605,-1.1941,-1.1777,0.0088876,0.017368,-0.0076915,0.012223,-0.021499
-0.017426,-0.034572,0.0053839,-0.01333,0.0088825,-0.0098904,-0.022428,-0.0072868,0.0022347,-0.00098933
1.25,1.2686,0.0066729,1.2507,1.2622,0.020611,0.0068433,-0.015667,0.0016623,-0.018432
0.019952,-0.0030964,0.00070027,-0.0080595,0.0024903,-0.010519,0.0054806,0.014124,0.0089448,-0.014342
0.88774,0.88595,0.013866,0.86357,0.88614,-0.003509,-0.0043514,0.0088095,-0.0098345,0.01263
0.33602,0.35497,-0.0034758,0.34834,0.35041,-0.0055348,-0.012504,-0.0023645,0.0070511,0.015873
-0.13711,-0.12496,-0.0041722,-0.12678,-0.12263,0.01563,-0.0021847,-0.0082484,0.0051427,-0.013195
-0.43503,-0.44484,0.010309,-0.45255,-0.44849,-0.0073536,0.0013255,-0.018172,0.0085536,0.011545
-1.0422,-1.0387,0.0064095,-1.0327,-1.0269,-0.0079643,-0.0027648,-0.020745,-0.0045584,0.016046
-1.9195,-1.894,0.0081819,-1.9178,-1.9213,-0.012874,0.0018946,0.012362,-0.0028248,0.010388
-1.6595,-1.6957,0.014929,-1.6629,-1.6753,0.0086815,0.0049026,0.0022623,-0.0059974,-0.0033148
-0.95664,-0.97762,0.011553,-0.9755,-0.98235,-0.010787,0.0040984,0.0035021,-0.010015,-0.01806
1.3479,1.3198,-0.0095924,1.3508,1.3331,-0.0046585,0.00080245,0.019056,0.016869,0.014456
0.47001,0.44966,-0.011343,0.45904,0.47776,0.012114,0.0059452,0.021757,-0.0055331,0.010359
0.30541,0.31579,0.014831,0.32053,0.33202,0.0012459,0.01214,0.0086484,0.0058358,-0.0079605
1.2451,1.2715,0.010642,1.2443,1.2286,-0.022824,-0.0043721,-0.0035457,0.01365,0.014415
-0.38658,-0.38959,-0.0014525,-0.36564,-0.37122,-0.012175,0.0077136,0.0031093,0.0032003,-0.016913
1.4636,1.4466,0.0034171,1.4556,1.433,0.0065353,-0.013932,0.017632,-0.0065056,0.008693
0.27297,0.25085,-0.022071,0.26879,0.25463,0.0067746,0.0014238,-0.0051784,0.0091464,0.0086042
0.37693,0.37054,-0.0047379,0.38167,0.37642,0.008732,0.0023566,0.0080225,-0.0094797,-8.6523e-005
1.7339,1.7297,-0.0018244,1.7408,1.7348,0.0055771,0.0061384,0.0025323,-0.01101,-0.0052089
-0.88819,-0.88714,0.021562,-0.88392,-0.88977,0.0048749,0.00081395,0.027148,0.00044899,-0.0034187
-1.0631,-1.0889,-0.0012642,-1.0581,-1.0856,-0.0019642,0.0033935,-0.0029531,-0.01464,0.0024384
-0.57666,-0.582,-0.0095844,-0.55172,-0.57476,-0.016249,-0.01419,-0.025195,0.0029754,0.025431
0.59133,0.58443,0.0077401,0.5913,0.58024,-0.015124,-0.01353,-0.0014991,0.0059282,-0.0027748
0.68939,0.70899,-0.0039616,0.69391,0.70754,-0.0055648,-0.0031109,0.0041896,0.017474,-0.0042966
0.036035,0.0341,0.0026127,0.026492,0.046032,-0.0013878,0.013693,0.011673,0.012441,0.023877
-0.72682,-0.73476,0.0041505,-0.74807,-0.71717,0.004808,0.0047246,0.0060717,0.0037941,0.019412
2.1299,2.133,0.0045172,2.1195,2.1272,0.011439,0.00050696,-0.005629,-0.010618,0.023131
-1.7634,-1.7575,-0.014703,-1.7595,-1.7684,-0.0054984,0.017707,-0.0053581,0.0047572,-0.01028
2.064,2.0502,0.0045915,2.0341,2.0437,0.015827,0.011435,-0.0027273,-0.010985,-0.00092196
0.090845,0.11446,-0.0058511,0.10098,0.10981,-0.0037907,-0.0016805,0.00066586,0.014282,0.015099
-2.0935,-2.104,0.0084726,-2.0822,-2.0855,0.0045131,-0.0015366,0.004594,0.012329,-0.0047532
-2.3279,-2.3434,-0.0088401,-2.3296,-2.3452,-0.0096591,-0.0014277,0.012167,-0.0010687,-0.010671
0.16597,0.16202,-0.0056298,0.15904,0.14858,2.3096e-005,0.0033676,0.01155,0.0093678,-0.00028016
-0.46223,-0.46874,-0.012263,-0.4755,-0.46296,0.0047289,-0.016686,-0.0013684,-0.0021011,0.015324
-0.41226,-0.39703,0.0076555,-0.41437,-0.40943,0.011969,0.010159,0.017435,0.0036662,-0.0025746
-1.0949,-1.1017,-0.0090383,-1.1132,-1.112,0.0022676,0.009742,-0.0088767,-0.017721,-0.00080433
