0.0018788,-0.0078484,-0.0066001,-0.018724,0.0054316,-0.0035802,0.0089192,0.0061865,-2.229,-2.2153,0.0097549,-2.2246,-2.2257,-0.0060838,0.001173,-2.2255,0.0047844,0.00038763,0.010532,0.014415
0.00056487,-0.0090141,0.00087428,-0.012591,-0.0033693,-0.016182,-0.0042662,0.0050749,2.797,2.7874,0.027968,2.7953,2.7997,0.016414,-0.01018,2.7843,-0.011204,0.012037,0.0017174,-0.0017181
-0.0026459,0.0027421,-0.0036407,-0.017817,-0.0071895,-0.0095064,-0.013185,-0.016961,-1.5295,-1.5253,-0.0075289,-1.5273,-1.5243,0.0048248,-0.0076247,-1.534,0.016131,-0.0017985,0.0063297,-0.0064188
-0.0051146,0.0042819,0.011647,0.014846,-0.012935,0.0065356,-0.0034342,-0.0013653,0.84137,0.87032,0.0033707,0.84266,0.82636,0.0068415,-0.0099861,0.84342,-0.0023898,0.0057706,0.0086541,-0.010174
-0.017599,0.0016936,0.010635,0.012306,-0.018451,-0.0076133,-0.0077142,0.0014538,-1.9672,-1.9839,-0.014661,-1.9629,-1.973,0.0066096,0.0069783,-1.9746,0.019918,-0.001793,-0.0076272,0.0010211
0.009909,0.017617,0.0077411,-0.012284,0.0017537,-0.013055,0.0028056,0.004482,-4.0171,-4.0362,-0.001172,-4.0428,-4.0365,0.021283,-0.0043542,-4.0389,-0.0078617,0.004829,-0.023344,-0.0062047
-0.010007,-0.0088046,-0.0060824,-0.007842,0.0049185,0.0037589,0.032632,-0.01339,0.25809,0.26405,-0.0039107,0.24738,0.23978,0.0056012,0.0084445,0.27483,-0.0022704,-0.0067701,-0.0012603,-0.008944
-0.0074293,0.0067238,-0.0040902,0.0020637,-0.0032959,0.015281,-0.003327,-0.0095561,-3.4207,-3.4083,0.010325,-3.409,-3.4186,-2.7451e-005,0.0057876,-3.3891,-0.0067816,-0.0087176,-0.0035676,-0.010961
0.0049147,0.0054154,0.0042209,-0.0003099,0.0056941,-0.023942,-0.011486,-0.01394,-1.9226,-1.9461,0.0083027,-1.9257,-1.9235,0.004296,-0.0038278,-1.9519,0.010146,-0.0026708,0.00043824,0.011302
-0.0044084,0.00025903,0.0069436,-0.0075813,-0.00080998,0.00684,-0.0019675,0.0040999,-0.73664,-0.75211,0.0064302,-0.73703,-0.7419,-0.0022776,-0.01153,-0.7369,0.0047072,0.0084741,-0.013276,-0.0010821
0.012634,-0.01773,-0.0023474,0.01028,0.0030517,-0.0002019,0.015575,0.013292,-0.95066,-0.95741,-0.005805,-0.96267,-0.96278,0.011927,0.0012402,-0.94218,0.013081,-0.0036323,-0.0078047,-0.0035134
0.0023614,-0.0044781,0.016619,-0.0022543,0.00036891,0.006049,0.0063369,-0.0034495,1.6405,1.6333,-0.00077101,1.6438,1.6293,-0.0021689,0.0076308,1.6208,-0.013304,0.011773,-0.014184,-0.0038105
-0.00034925,-0.010782,-0.012875,-0.012888,0.00061445,-0.0065866,0.0045394,-0.010551,-0.46043,-0.44948,-0.0029808,-0.46081,-0.45353,0.0011732,-0.0088335,-0.47041,-0.0045117,-0.023036,-0.008562,0.002937
0.0055074,-0.012278,-0.010941,0.0075056,-0.003097,-0.014039,-0.0082627,-0.0072195,0.58716,0.56872,-0.00072747,0.57004,0.58599,0.0099425,0.013601,0.57597,0.0047845,-0.016122,0.0083015,0.0006847
-0.0089353,0.0093582,0.0018646,-0.0034159,-0.0032486,-0.00094347,-0.002182,-0.0022902,1.0785,1.0748,0.0027832,1.0712,1.0893,-0.0052302,-0.0040615,1.0702,-0.0043256,0.018136,-0.010201,-0.0033807
-0.0059234,-0.0063415,-0.021042,-0.001499,-0.0030043,0.010111,0.0066572,0.0075908,0.020235,0.013597,-0.0018971,0.028257,0.024948,-0.006258,0.002751,0.036422,-0.023125,0.0061531,0.0026507,0.014815
0.005655,0.032979,0.013534,0.0005383,0.0093062,0.01243,-0.0043453,0.0022328,2.7679,2.7529,0.0060224,2.7541,2.7432,-0.0059128,0.0088854,2.751,-0.013507,0.0039359,0.0070787,0.009875
0.031626,0.0010208,0.0041724,-0.0025352,-0.0086505,-0.011936,5.9367e-005,0.0081089,-1.1002,-1.0964,-0.0024602,-1.0957,-1.102,-0.00070118,0.0020001,-1.0798,-0.015053,-0.011558,0.019549,0.013572
0.009448,-0.012068,-0.00071279,0.017659,0.0075796,0.0035017,-0.012166,-0.0027577,3.1641,3.1737,-0.0083468,3.1909,3.1857,-0.0041861,0.0089888,3.1862,-0.0047496,0.016386,0.0036139,-0.0036513
0.0078944,-0.00048016,-0.013492,0.0093774,0.0072418,-0.010553,0.0028008,-0.0024839,-2.3296,-2.3199,0.0047293,-2.3165,-2.3337,-0.0088409,-0.01451,-2.3381,0.00062807,-0.0012188,-0.0011489,-0.0042706
0.0057891,-0.015988,-0.0039528,-0.0057847,-0.0031311,0.00035264,-0.017842,0.0025261,-2.9742,-2.9739,-0.0095447,-2.9646,-2.9607,-0.0074853,0.0013722,-2.9663,-0.0031674,-0.014181,-0.0033518,0.0071112
0.019157,-0.030168,0.0052954,-0.0017879,-0.0085584,-0.011557,-0.012341,0.0048386,-0.9366,-0.95735,0.011676,-0.93496,-0.94799,0.0058719,0.00075668,-0.93822,-0.0053742,-0.021928,0.0063815,-0.0028322
0.023111,0.012811,-0.011346,-0.01559,-0.015229,0.0019224,0.012397,0.019402,-2.9311,-2.9116,-0.0018232,-2.9325,-2.9254,-0.0036766,-0.0048858,-2.9488,0.0075056,0.0092956,-0.0004567,-0.0010899
0.013423,-0.0036647,-0.015887,0.0073481,-0.0098208,-0.0028337,0.016054,-0.00040106,1.1475,1.1604,-0.008077,1.1523,1.1501,0.00043955,0.0038515,1.1419,0.012533,-0.0018911,-0.0065021,-0.0011609
-0.014509,0.0015019,0.0027221,0.034205,-0.0019743,-0.0029205,0.016662,-0.02551,0.31294,0.33502,-0.0036727,0.33566,0.33595,-0.010764,-0.0052976,0.34213,-0.0094991,0.0083765,0.0081391,0.017077
-0.0098351,-0.016298,0.0025817,0.0075518,0.019092,-0.0063273,-0.0059682,0.018527,0.050099,0.069146,0.0056963,0.074583,0.073571,0.0006297,0.013391,0.06427,0.0016492,-0.010415,0.0018158,0.0058015
-0.004913,0.016483,0.0021507,0.00098137,-0.0056083,0.0090155,-0.019185,0.004515,-1.0172,-1.0052,0.0032572,-1.0059,-1.0134,-0.019117,0.030382,-0.98455,-0.0093537,0.0070999,0.0066575,0.0016644
0.017121,0.0011747,-0.011942,0.00060811,0.014967,-0.01967,-0.017878,-0.0051389,-0.89045,-0.87712,-0.0021408,-0.87805,-0.87664,0.021485,0.0071089,-0.86316,0.0030162,0.0087501,-0.0022844,0.01022
0.0051992,0.010135,0.015136,-0.00046953,-0.0055147,-0.0085426,0.01113,0.0032215,-0.92111,-0.92801,-0.008479,-0.94001,-0.9266,0.013855,-0.00070426,-0.94052,-0.0062264,-0.0012209,0.0063411,-0.018535
0.0031879,-0.001299,0.0099853,0.0069325,-0.0070492,0.019993,0.0082967,-0.011269,-0.66151,-0.65196,-0.013883,-0.66261,-0.68896,0.0010606,-0.0047081,-0.65207,0.0021319,0.019011,0.00061396,0.0066756
-0.0062099,-0.00087517,0.017912,0.0020451,-0.014014,0.027405,0.0082888,-0.01322,-1.8983,-1.9089,-0.002986,-1.9064,-1.942,0.0024057,0.0064059,-1.9081,-0.0092719,0.004822,0.001388,-0.013138
-0.016751,0.0064047,0.0050837,0.0085159,-0.0054441,-0.011899,-0.016191,-0.0084907,-1.512,-1.54,0.019861,-1.5166,-1.4991,-0.015867,0.0013744,-1.5255,0.0064123,0.012515,0.0029564,0.014142
-0.0010988,0.014941,-0.01187,-0.026077,-0.004423,0.016398,0.0030195,0.00034293,-0.49637,-0.51479,0.011014,-0.49838,-0.50263,-0.0055951,-0.022237,-0.51732,-0.0060958,-0.0098628,0.0059771,-0.00050637
0.010459,0.015848,0.0022166,-0.0069507,0.0065607,-0.0045075,-0.010613,0.00042355,0.24433,0.23117,0.0058943,0.23761,0.21793,-0.0079608,0.0078466,0.24413,0.00086147,-0.0078348,-0.0085702,0.0037095
0.023304,0.0085066,-0.011603,0.016488,-0.018001,-0.0068574,0.018268,0.00085562,2.1783,2.1651,0.022837,2.1855,2.176,-0.015242,-0.0088639,2.1828,0.014047,-0.0015424,-0.0011159,0.011059
-0.0092675,0.0017827,-0.0146,0.003864,0.0075195,-0.0057692,-0.0021369,0.0083989,-2.8032,-2.8003,-0.0040754,-2.8073,-2.7925,-0.021565,0.0063529,-2.8138,0.00048517,-0.006129,0.0066516,-0.012282
-0.00025107,0.0042457,0.0083144,0.0036622,-0.004047,0.0084381,-0.0079367,-0.0066691,0.094408,0.10147,0.010791,0.10837,0.11516,-0.0063706,-0.0043376,0.091613,-0.00781,0.012506,-0.0022038,0.008418
-0.00091377,-0.0032198,0.020327,0.0016515,-0.008551,0.00038333,0.0016692,-0.019211,-1.4637,-1.4378,0.018957,-1.4437,-1.4466,0.017774,-0.0046904,-1.4559,0.0031865,0.0073518,-0.010081,-0.013223
-0.0033243,0.0067186,-0.00060396,0.012725,0.0018173,0.0010359,-0.0065477,-0.0063568,2.5095,2.5363,-0.01073,2.5238,2.5415,0.0062333,-0.0070523,2.5153,0.0075855,0.0048022,0.014245,-0.013977
-0.0097004,0.0089892,-0.0056185,0.0062704,-0.0031701,0.011167,0.011985,0.0022699,0.14449,0.12773,0.00072259,0.1256,0.11741,0.0091128,0.0051749,0.12011,0.011085,0.019929,0.015102,-0.0040948
0.019133,0.0028545,0.0029059,0.007062,0.0041859,-0.0059476,-0.015812,-0.010163,-1.9874,-2.0043,0.0030529,-2.0072,-1.9767,0.021612,-0.00022812,-1.9822,-0.020311,-0.011424,-0.003747,-0.024603
0.013651,0.0079645,-0.0014622,0.0062226,0.010808,-0.002825,0.0066892,0.0046632,0.81043,0.79168,0.010706,0.8018,0.80209,-0.014294,-0.015361,0.80559,0.00329,-0.0049782,-0.0010323,-0.0061411
-0.0020907,-0.012908,-0.00017568,0.012393,-0.0067716,0.001905,0.004367,0.0019901,-3.406,-3.426,0.0068641,-3.4277,-3.4142,-0.0098537,0.0056661,-3.3969,0.012496,-0.0053475,-0.0029496,-0.00033295
-0.0048895,0.0089018,-0.0035113,-0.0128,0.0015193,0.0047426,-0.0080802,-0.0017775,3.0216,3.0213,0.0031325,3.0325,3.0207,7.675e-006,0.014725,3.0249,0.0054269,-0.0017038,-0.010347,-0.01292
-0.0041381,-0.0049053,-0.0081637,0.011376,-9.9114e-005,0.018789,-0.0063063,0.0057287,1.7309,1.7523,-0.0040806,1.7342,1.7519,0.010245,0.001645,1.7426,0.014075,-0.00032801,0.01366,-0.010754
-0.014426,-0.014706,0.00090046,0.0033293,-0.014472,0.010927,0.0039421,0.0034461,1.9008,1.8832,-0.0035347,1.8963,1.898,-0.0099564,-0.0013426,1.8858,0.015989,-0.024417,-0.012099,0.0062551
0.0061708,0.01222,-0.015998,-0.002256,0.0011031,-0.0053745,-0.0077308,0.0056221,-2.5865,-2.5763,-0.0082141,-2.593,-2.5682,0.0010224,-0.0018491,-2.5651,0.0030256,-0.0029028,-0.0092403,0.001808
0.002523,0.010936,-0.017972,-0.0074218,0.006612,0.02895,0.0040983,0.0050726,-1.2415,-1.2546,-0.014449,-1.2531,-1.2562,-0.0013185,0.017038,-1.2623,0.0049116,0.020317,0.0047888,0.0072207
-0.025312,-0.0085087,-0.022761,-0.0087259,-0.014338,-0.00013278,0.0011716,0.0094265,2.3891,2.3955,0.014206,2.3833,2.3899,0.0019146,-0.019201,2.3853,0.013264,-0.0039389,-0.00031384,0.012237
0.012919,0.018041,-0.014621,0.0082771,0.0049197,0.012672,0.010156,-0.025939,-2.9,-2.9071,-0.0024926,-2.8922,-2.9077,0.0054416,0.0073683,-2.8955,0.0024177,0.016718,-0.022812,0.0043368
