0.0095009,-0.028531,-2.672,-2.6713,-0.0073906,-0.0059382,0.010071,0.014563,-2.652,0.014404,-2.6813,0.013849,0.0018168,-0.0048199,-0.015135,0.0086743,-0.013092,0.0017368,-0.019626,-2.6761
0.0059908,-0.0098808,-0.6753,-0.68767,-0.0053153,0.009077,-0.012879,0.005739,-0.68661,-0.0062738,-0.68537,0.0018366,-0.0071769,0.0069966,0.0017898,-0.0059545,0.024652,-0.0068132,0.00088885,-0.68186
0.010248,-0.022049,-5.2793,-5.305,-0.0023769,-0.0098159,0.012041,-0.017872,-5.2863,-0.0099438,-5.2661,0.0037081,0.010202,0.0013709,0.0012795,0.013563,-0.0073048,-0.0010222,0.017762,-5.2683
0.0023668,0.0041704,-2.098,-2.0784,-0.0047317,-0.020078,-0.0051774,-0.0082081,-2.0936,0.00010733,-2.1021,-0.013262,-0.00059762,-0.014265,0.0043817,-0.0064644,0.020284,-0.01126,-0.010854,-2.1002
0.011583,0.0027369,-4.9359,-4.9578,0.012563,0.010141,0.0015264,0.019864,-4.9218,-0.0061236,-4.9006,-0.0011739,0.0053119,-0.008088,0.0090177,0.025003,-0.026908,0.0059419,-0.0037418,-4.9231
0.0041334,-0.014215,-3.9553,-3.9612,0.0032091,-0.0005591,-0.016865,0.016718,-3.9649,-0.0020773,-3.9687,0.0028405,-0.0045693,-0.0031055,0.0087613,-0.0043843,0.0055221,-0.0080055,0.027845,-3.9547
-0.019812,-0.0018321,-4.8886,-4.8687,-0.0073349,-0.010946,0.0035127,0.0042634,-4.8751,-0.014476,-4.8735,-0.019567,-0.0025516,-0.0024394,0.0060058,0.0040839,-0.0066659,-0.0006376,-0.0074225,-4.8914
-0.0059083,-0.0098102,-3.9304,-3.9526,0.0051252,0.0033798,0.003921,-0.007882,-3.9542,-0.00038154,-3.9439,-0.012334,0.010592,-0.020508,-0.016342,-0.0072622,0.001187,0.017937,0.0063275,-3.9374
0.0055328,0.0039301,-1.8518,-1.8686,-0.010095,-0.0020264,-0.0097481,-0.0018456,-1.861,-0.0087347,-1.8597,-0.0046844,0.00054741,0.011031,-0.0066945,-0.0097644,0.015243,0.0061909,0.0047404,-1.8499
0.0059393,-0.011966,-4.386,-4.3748,0.013688,-0.0029557,0.0027641,-0.0053445,-4.3988,-0.0037487,-4.3972,0.0081327,-0.010344,-0.016682,-0.0023595,0.0023242,-0.0025793,-0.005622,-0.0081844,-4.3967
-0.0033,0.01146,-0.65564,-0.64937,-0.020438,-0.008978,-0.01086,0.0075357,-0.65997,-0.024313,-0.6591,0.0029885,0.0039438,0.0025363,-0.0015845,-0.0033529,0.010589,0.0084037,0.0098819,-0.65176
0.011946,0.022778,-2.5717,-2.5697,-0.010893,-0.014626,0.0083614,-0.0031715,-2.5667,-0.011644,-2.5795,0.0034919,-0.028876,0.007727,-0.0037739,-0.0066269,0.0032935,0.0083152,-0.003492,-2.5672
-0.023432,-0.0045504,-0.48861,-0.48918,0.012175,0.010751,0.0036377,-0.0047531,-0.50546,0.0039227,-0.5098,-0.019396,-0.0072457,0.0065921,-0.017914,-0.0058389,-0.0062765,0.00052339,-0.0098272,-0.49661
0.0023194,-0.0033436,-3.1446,-3.141,-0.015756,-0.0035682,-0.0034531,0.011552,-3.1396,0.00047474,-3.1533,0.01571,0.0031004,0.010189,-0.0015924,0.0069071,0.0067752,-0.0021348,-0.0020437,-3.1559
-0.0036059,0.0080331,-3.4715,-3.4767,0.0019474,0.010364,0.0059982,0.00766,-3.4626,0.0099961,-3.4826,-0.0057244,-0.018431,-0.0058507,0.010899,-0.012638,-0.0063073,-0.020867,-0.0089929,-3.4648
0.0085899,0.0028272,-3.5479,-3.551,0.002935,0.00098684,-0.0027523,-0.00065767,-3.5512,0.027376,-3.5392,-0.011303,-0.0090832,0.0039864,-0.0012681,-0.00053591,-0.00066053,-0.0023362,0.0066351,-3.5431
-0.012424,-0.0041005,-5.4775,-5.4854,-0.0082755,-0.0037873,-0.0029978,0.0070726,-5.466,0.00046871,-5.4685,-0.0077597,0.010109,-0.00085454,-0.0088398,0.011217,-0.010944,0.0088653,-0.0093788,-5.4749
0.014937,0.0043014,-3.6798,-3.6725,0.0059529,0.0079235,-0.00073615,-0.015423,-3.6619,-0.013664,-3.6453,0.0053513,-0.016406,0.00011069,-0.0097353,0.0095633,-0.0030846,-0.033839,0.014959,-3.6548
-0.0035115,0.0025172,-2.3306,-2.3156,0.0027247,0.0063781,0.0094219,-0.016103,-2.3174,-0.0088439,-2.3203,-0.00022685,-0.0039461,0.0036196,0.0083368,0.0040499,0.0037697,-0.001328,0.0031742,-2.33
0.0080817,-0.0036047,-1.7954,-1.7805,-0.014218,-0.0014262,-0.0040371,0.01447,-1.7984,-0.0014167,-1.783,-0.0099346,0.0041512,0.0018961,-0.01937,0.0070789,0.0042053,-0.010711,0.0052008,-1.7945
0.00026632,0.0057045,-4.3987,-4.4082,0.020865,-0.0091097,0.0069028,0.011117,-4.4208,0.0056908,-4.4149,-0.010808,0.02195,0.0023722,-0.0015362,-0.0039599,0.0021121,-0.014182,-0.0011772,-4.3961
-0.0047116,-0.011529,-3.9944,-3.9642,0.0072166,-0.0099,-0.0087423,0.0012562,-3.9734,-0.0044081,-3.9879,-0.01418,-0.013054,0.0080436,0.021536,-0.0041666,-0.020349,0.0038351,-0.0085013,-3.9769
-0.0071473,0.018522,-1.4576,-1.4443,0.0027786,0.012042,-0.00055011,-0.0095905,-1.4802,-0.013126,-1.4616,0.003378,-0.012326,0.0060813,0.01131,0.0011653,0.0062431,-0.0082961,0.011113,-1.466
-0.0083771,0.006536,-3.1022,-3.0949,-0.0028433,0.0084735,0.0077265,0.01164,-3.0952,0.014982,-3.0801,0.01361,0.0033152,0.010925,0.0049133,-0.012792,-0.0099115,-0.0079222,-0.0054253,-3.0975
0.0046229,0.0038584,-4.6561,-4.6524,0.0010542,0.0016983,-0.010896,0.0035853,-4.655,0.00018079,-4.6704,-0.0059184,-0.0081615,0.012405,0.006436,-0.00028045,0.0014799,-0.0012901,0.00143,-4.6562
-0.0095869,0.0040414,-4.2787,-4.2916,0.0083862,-0.0061622,-0.0031479,0.0031236,-4.2822,-0.021311,-4.283,0.013005,-0.01733,-0.0017097,-0.0055594,-0.0020928,0.013118,0.0060234,-0.010717,-4.2751
0.010778,0.0035147,-1.5012,-1.5273,-0.014097,-0.010018,0.0099005,-0.006008,-1.4942,-0.012331,-1.4933,-0.014702,0.024064,0.0076589,-0.0073819,0.00074793,0.011286,-0.0035591,-0.0096437,-1.4926
-0.0011732,0.015134,-5.4559,-5.4561,-0.0022957,-0.010967,-0.010559,-0.016084,-5.4548,-0.015882,-5.472,0.010014,-0.0028563,0.012348,0.0030391,0.0013797,-0.0086811,0.0001423,-0.0043558,-5.4623
0.011705,-0.0033433,-4.1854,-4.1687,-0.006921,0.0025077,-0.005628,-0.015471,-4.1702,-0.0044896,-4.1877,0.010801,0.0092771,0.019256,0.0054093,0.0030675,0.010709,0.011634,0.0070291,-4.1853
0.0056264,0.0099478,-3.3841,-3.4057,0.0058368,-0.00016272,0.0068409,-0.025448,-3.3953,-0.00060677,-3.4026,-0.01431,0.0084127,-0.015273,-0.0098732,-0.00051915,0.0085269,0.0067316,-0.0052867,-3.4019
-0.012631,-0.009842,-4.0031,-4.0102,0.015018,-0.0028782,0.0024319,-0.0027702,-4.0042,0.0011695,-4.0152,-0.0057673,-0.0017763,-0.0034301,-0.012668,-0.001519,0.006823,-0.0041578,0.025054,-4.023
-0.0031349,-0.0060001,-4.9509,-4.9633,-0.0026723,-0.021996,-0.0084323,-0.010714,-4.9439,-0.0060919,-4.9275,-0.0015462,-0.013558,0.0031836,-0.0080485,0.0034109,0.0013946,-0.0012636,0.016656,-4.944
0.007231,-0.012704,-4.3269,-4.3347,-0.0098596,0.015185,0.01399,-0.0090943,-4.3421,-0.01046,-4.3222,-0.00037835,0.010305,0.0020988,-0.0054008,0.0089506,-0.0038995,-0.019397,0.0075424,-4.3444
-0.0017423,-0.0045452,-1.9461,-1.9469,-0.014707,-0.0037537,-0.0083119,0.0032832,-1.938,0.0028557,-1.9485,0.0075494,0.0016983,-0.005703,0.0068577,-0.0036068,0.0048122,-0.0041505,0.012768,-1.9507
0.0081536,-0.0011403,-1.8336,-1.8328,-0.00166,0.0011951,-0.00031054,0.020262,-1.8409,-0.0057262,-1.8374,-0.0003119,0.006685,-0.0090492,-0.0049016,0.0053553,-0.0088166,-0.0061764,-0.0082812,-1.8319
-3.0306e-006,0.0079963,-4.3214,-4.3355,-0.01345,-0.024495,-0.0062383,0.0018099,-4.3152,0.0039904,-4.3196,0.0020654,-0.0022628,-0.0021613,-0.0018858,-0.0083119,-0.011805,0.011995,-0.0030637,-4.3225
-0.004564,-0.0034481,-4.2071,-4.2029,0.0026951,-0.0040256,-0.0039244,0.013292,-4.2154,-0.0033687,-4.2022,-0.013375,0.0080715,0.027418,0.0015112,-0.0087568,0.016456,0.0045092,-0.0058162,-4.2089
0.0019995,-0.0013996,-3.6935,-3.6775,0.022706,-0.014675,-0.0017005,0.010431,-3.6838,0.013057,-3.6946,-0.00903,-0.0023025,0.013727,-0.0047353,-0.016763,0.003852,0.005614,-0.0071117,-3.6929
-0.0067289,-0.013421,-1.6456,-1.6151,0.016417,-0.013214,0.00081175,0.0033428,-1.6352,0.0060603,-1.6328,-0.011658,-0.0029985,0.0065221,-0.009909,-0.013903,0.0077616,-0.010334,0.012024,-1.6453
-0.0038052,9.1892e-006,-3.3172,-3.3331,-0.007796,-0.0022835,-0.001558,0.0041616,-3.3235,0.0050946,-3.3355,-0.0097514,-0.0086353,-0.0015612,0.010208,0.0061409,0.0094556,0.026906,-0.0072044,-3.3049
0.0052763,-0.0026309,-3.4993,-3.4939,0.0042225,-0.0087795,0.0068925,0.0071302,-3.4979,0.01058,-3.4898,-0.0069958,-0.0094433,8.6355e-005,-0.0062845,0.00051047,-0.011586,-0.01043,-0.0057199,-3.4961
0.0048369,0.0095434,-3.8412,-3.8578,-0.0041683,-0.011171,0.0045441,-0.0047824,-3.8507,0.0094624,-3.8471,0.002661,0.015558,0.0087041,-0.0012036,-0.0089423,0.0062403,-0.0079924,0.011783,-3.8448
0.018756,0.015264,-3.8617,-3.8754,0.0052598,0.0058482,0.0062164,0.019266,-3.853,0.0018628,-3.864,0.0097011,0.016194,0.010943,0.0065229,-2.5101e-005,0.011241,-0.0055089,-0.010402,-3.8651
0.011136,0.005482,-2.8702,-2.8608,-0.0014074,0.002307,-0.0040519,-0.015998,-2.8448,-0.0034607,-2.8601,-0.0046629,-0.0094048,-0.0019008,0.014758,-0.018917,0.00069779,-0.004821,-0.00077673,-2.8571
0.0096871,0.021207,-3.6074,-3.606,-0.0040886,-0.0098931,-0.0079143,0.022266,-3.6241,0.0059922,-3.6068,-0.00078246,0.005653,0.0036059,0.011502,-0.014072,-0.00045563,-0.013105,0.0019028,-3.6087
-0.0043132,-0.0017944,-4.987,-4.9769,0.00096628,-0.0092285,-0.019341,-0.0174,-4.9719,0.012499,-4.9734,-0.0069852,0.0029158,-0.0032907,0.0016715,-0.00056788,-0.0025699,-0.017351,0.012288,-4.9744
-0.0068454,-4.9494e-005,-3.7415,-3.7368,0.003715,-0.00019663,-0.0099569,-0.0047797,-3.7316,-0.017785,-3.7318,-0.0018918,-0.0045703,0.016059,-0.0014273,-0.0016897,0.0076708,0.0038995,-0.0039926,-3.7315
0.0039569,0.0050688,-0.18955,-0.172,0.015581,-0.0016665,0.016246,-0.013451,-0.19005,-0.0014658,-0.17694,-0.0017056,0.0064146,0.0038534,-0.0053426,-0.015744,0.011606,0.0056177,0.015087,-0.18908
-0.0011587,0.015709,-0.23115,-0.22542,-0.0010107,0.0058375,0.0071714,-0.0058149,-0.22043,0.015768,-0.2428,0.0037442,0.00092085,-0.0031031,-0.009539,-0.00044457,-0.0096667,-0.0048784,-0.010657,-0.21866
0.016662,-0.0044854,-2.9313,-2.9255,0.0020519,-0.016568,0.0056758,-0.0014556,-2.944,0.0052468,-2.944,-0.0030411,0.0012981,0.026532,0.012541,0.0098833,-0.0048107,0.01136,0.030557,-2.9261
