-4.2873,0.00085469,0.0010373,-0.012787,-4.2843,-4.2757,-4.2839,-0.0093782,-0.0056332,0.0010547
-1.5225,-0.0087741,0.026265,0.012182,-1.5337,-1.4947,-1.5154,-0.00075754,-0.0101,0.010698
-3.5116,-0.009105,-0.0028603,-0.0027615,-3.522,-3.493,-3.5236,0.009881,0.0030612,0.010805
-2.989,-0.005811,0.0070135,0.0092292,-2.9939,-3.0154,-2.9849,0.0017286,-0.0013061,0.0012659
-1.2386,0.006432,-0.019164,0.0035569,-1.2517,-1.2295,-1.2509,0.0074722,-0.00039332,0.010449
0.4824,0.0075413,-0.0068019,0.011919,0.47808,0.46843,0.48586,-0.00068243,0.018318,0.00057965
-4.4945,-0.03258,-0.0047892,0.0026606,-4.4933,-4.4897,-4.4841,-0.00082525,-0.0028897,0.011629
-3.366,0.0040334,-0.0069921,0.0042687,-3.3771,-3.3517,-3.365,0.0057122,-0.012148,-0.011368
2.7844,0.0040832,-0.001178,0.0010887,2.783,2.7739,2.8014,0.000348,-0.012666,0.010782
0.65327,0.0058342,-0.011837,0.0051387,0.65932,0.67479,0.66285,-0.012946,-0.0080341,-0.00022996
-1.1724,-0.0046461,-0.0082989,-0.0031906,-1.1537,-1.1788,-1.1582,0.0027798,0.0016449,-0.011522
-3.3423,-0.0034924,-0.00046654,0.0013759,-3.3408,-3.3429,-3.3356,0.018123,0.013567,0.002599
0.94453,0.0016562,0.0024633,-0.019426,0.96819,0.96265,0.95789,0.015388,-0.014443,0.002784
-1.1489,-0.008065,-0.0015435,-0.024152,-1.1429,-1.1458,-1.1535,0.013065,0.0075273,0.00079683
-0.93293,-0.00061815,0.0080482,0.0050994,-0.9467,-0.95503,-0.93998,-0.0040339,0.023419,0.0049505
-0.17589,0.001873,-0.00067052,-0.010795,-0.18779,-0.17785,-0.18367,-0.0072915,0.0028303,-0.0053351
-3.3061,0.0096134,-0.0020712,0.012922,-3.2873,-3.3016,-3.3255,-0.0045821,-0.015159,-0.00078024
1.0741,0.0039287,-0.0096153,-0.0084396,1.0867,1.068,1.0708,0.0024963,0.0080463,0.015238
1.5527,0.006479,0.0050395,-0.022064,1.5723,1.5786,1.5662,0.0028687,0.012801,0.016231
3.4608,-0.0088396,-0.010484,-0.0056558,3.4791,3.4578,3.4696,0.0058604,-0.0045681,0.013031
0.68418,0.010818,-0.0030246,0.03187,0.6834,0.64624,0.68094,-0.01626,0.019956,0.0059814
-0.43459,-0.012521,0.002029,-0.011324,-0.42841,-0.44822,-0.41497,0.0075109,-0.0067143,0.011395
0.20599,0.0068602,-0.0016027,0.0091228,0.22564,0.23549,0.20304,-0.0002594,0.018933,0.018582
-4.2141,0.011468,-0.016187,0.011414,-4.1972,-4.1989,-4.2182,-0.022667,0.00052798,0.0028861
-2.2166,0.0083181,0.004592,-0.0097947,-2.2217,-2.2316,-2.2305,-0.001953,0.016547,0.0033006
1.2082,0.008421,-0.0078641,0.027827,1.2159,1.2054,1.2186,-0.0053112,0.0041514,-0.0060302
0.86692,-0.01344,0.029225,0.0019675,0.88703,0.87719,0.87679,-0.0099126,-0.0038631,-0.012109
-5.13,0.019546,0.0074118,0.0044418,-5.1515,-5.1483,-5.1296,-0.0020249,-0.0015306,-0.023899
0.24846,-0.005756,-0.01113,-0.0046085,0.23006,0.2516,0.22817,-0.00062603,-6.6605e-005,-0.010378
-2.6889,-0.0090445,0.013312,-0.0023181,-2.69,-2.7053,-2.706,-0.0063439,0.0055466,0.010005
-2.6791,0.017443,0.003663,0.0074183,-2.6755,-2.6741,-2.6755,-0.018267,-0.0019606,0.0032039
1.416,0.0098178,0.0011551,-0.018214,1.4485,1.4395,1.4638,-0.0079683,-0.004817,-0.0017946
0.59015,-0.0084293,0.0048749,0.020528,0.57896,0.59626,0.59683,0.018652,-0.010418,0.0072511
6.0695,0.0020232,-0.015299,0.0012629,6.0666,6.0705,6.039,-0.0074804,-0.016359,0.012876
-2.1941,-0.0026893,0.021872,0.016577,-2.1875,-2.1898,-2.2057,0.0011277,-0.0063236,0.015386
2.5116,0.00096222,0.0039822,-0.0016955,2.5076,2.5034,2.507,-0.0022692,0.013312,0.009673
-3.9134,-0.002052,-0.0084073,-0.0015962,-3.9034,-3.8756,-3.8954,0.010487,-0.0028889,-0.0037631
5.4489,-0.0063168,0.015122,-0.020301,5.4374,5.4357,5.4214,0.0054804,0.0052713,0.0083744
-1.8532,-0.0012951,-0.0026971,-0.0094493,-1.8664,-1.8661,-1.8323,-0.0004805,0.017975,0.002334
6.0705,-0.0087186,0.013062,-0.00018065,6.049,6.0563,6.0509,0.0045765,0.0081207,0.02188
-2.0828,-0.0070397,-0.001491,-0.003314,-2.0791,-2.0745,-2.0688,-0.017273,-0.028845,0.0026472
-1.4769,-0.0035429,0.0062089,-0.0061367,-1.4798,-1.4662,-1.4872,0.011407,-0.002097,0.0091726
-2.1947,-0.0010097,0.0036773,-0.013811,-2.1807,-2.1986,-2.1973,-0.013848,0.0012083,-0.0078243
1.9246,-0.013008,0.0099338,-0.0080083,1.9406,1.9394,1.9342,-0.0029743,-0.003727,-0.0053359
1.8229,-0.0068852,0.0021665,0.016285,1.8359,1.828,1.8108,-0.00056096,0.0023476,0.012497
-0.95736,0.010549,-0.0050594,-0.0057423,-0.96565,-0.9621,-0.96869,5.2444e-006,0.010631,0.0020395
3.2405,0.0070384,-0.000842,-0.011633,3.2283,3.2225,3.2213,0.0052043,0.01456,0.012524
-1.1923,-0.020314,0.0048519,-0.0046104,-1.2091,-1.1901,-1.1971,-0.0065941,-0.0027982,-0.016982
-3.2186,0.0038314,0.011008,0.0125,-3.2028,-3.1992,-3.1829,0.012998,0.011376,0.0069525
0.35158,0.009861,0.017001,0.0031626,0.35197,0.34354,0.34915,-0.00084018,-0.01186,0.0021731
