-3.2088,0.012287,0.0057554,-3.2095,-3.2181,-0.011365,0.0029239,0.019384,0.0033983,-3.2121
-4.5151,-0.022875,-0.0082601,-4.5266,-4.5096,0.0056324,0.0039649,-0.0060157,0.010905,-4.5319
-5.0495,0.0067721,0.01484,-5.0533,-5.0406,-0.0045748,0.016882,-0.0099759,0.00091955,-5.0478
-7.922,0.0085004,0.0071913,-7.9584,-7.9464,0.015554,0.0070746,0.0022474,0.00055806,-7.944
-9.3981,-0.0014056,-0.0042034,-9.4155,-9.394,0.01964,0.0067822,0.014184,-0.0045751,-9.4078
-7.1058,0.0017186,0.010771,-7.0786,-7.096,-0.0075318,0.0092231,-0.012641,0.012454,-7.088
-7.1692,0.0080019,0.010853,-7.1448,-7.1608,-0.0084205,-0.0075256,-0.0047166,-0.016205,-7.1677
-8.9342,0.004386,-0.00031151,-8.9369,-8.9146,0.0054486,0.0050934,0.025278,-0.017799,-8.9294
-5.3421,0.0048962,-0.00053414,-5.3179,-5.3354,0.012548,0.010806,0.0061714,0.0095939,-5.3371
-6.7124,0.0060477,-0.0033472,-6.7152,-6.6927,0.018448,-0.00034374,-0.0019511,0.00062162,-6.7275
-7.0742,-0.011347,-0.015263,-7.0608,-7.0705,0.0028551,0.024522,0.0075088,0.0091837,-7.0727
-6.0846,-0.011825,-0.0037091,-6.0993,-6.0885,0.0090895,0.0036704,0.00060954,0.0017282,-6.0915
-9.9003,0.015416,0.015536,-9.9197,-9.9042,-0.0067158,0.017813,0.0096037,-0.0011923,-9.8854
-3.3684,0.0060376,-0.0094852,-3.3779,-3.3853,-0.0056608,-0.0001642,-0.0056705,0.015455,-3.3855
-5.548,-0.00044099,-0.00076727,-5.5518,-5.5595,0.0093985,0.0050731,0.013823,-0.00011722,-5.5451
-5.062,0.002496,0.010573,-5.0686,-5.0647,-0.0011851,0.007461,-0.014664,0.004143,-5.0696
-5.2649,-0.00072024,0.010206,-5.2434,-5.2504,-0.0074356,-0.01239,0.00013901,0.0093271,-5.2475
-4.2517,0.0094746,0.020421,-4.2527,-4.2579,0.022057,-0.0066067,-0.0027683,-0.00057075,-4.2478
-5.145,0.016082,0.0064559,-5.1456,-5.1489,0.011983,0.0092895,0.020152,0.0068229,-5.1547
-4.788,-0.0050429,0.0079771,-4.7754,-4.7873,-0.0076145,-0.0067984,-0.0018284,-0.012334,-4.7882
-7.3064,0.011774,0.020808,-7.3146,-7.2949,-0.0082995,0.0081722,0.0065498,-0.015605,-7.3124
-5.7507,0.001958,0.0029333,-5.778,-5.7781,-0.0087101,-0.00047543,-0.0058344,-0.0055949,-5.7563
-6.5265,-0.014765,0.0071285,-6.5437,-6.5155,-0.0092591,0.0022888,-0.0029341,0.0030681,-6.5309
-6.0219,0.0051392,-0.0053766,-6.0454,-6.0316,0.0052264,-0.0027963,0.0059155,-0.0031793,-6.0261
-4.978,0.0088915,-0.0048965,-4.9697,-4.9555,0.0023588,0.0006676,-0.016806,-0.0096699,-4.9498
-4.5234,-0.017006,0.025518,-4.523,-4.5322,0.0056311,0.022322,-0.001526,0.011266,-4.5434
-5.1533,0.01043,-0.013097,-5.1477,-5.1359,-0.0052439,-0.012614,-0.0056007,0.0012071,-5.1607
-3.8443,-0.0010303,0.011117,-3.8289,-3.8429,-8.8306e-005,-0.0060237,-0.017772,0.021998,-3.828
-5.6749,0.0091437,0.0082548,-5.6828,-5.708,-0.00351,0.007979,-0.0012031,0.0093199,-5.6935
-5.6716,0.0015475,-0.00058451,-5.6831,-5.6529,0.010859,-0.0096457,0.012418,0.0020111,-5.6665
-5.8333,-0.0090655,-0.01414,-5.8192,-5.82,-0.0035313,0.0089074,-0.0023199,0.0079188,-5.8307
-7.3734,-0.0090295,-0.0072374,-7.3804,-7.3982,-0.0047687,-0.0050295,0.0018647,0.0034575,-7.4079
-8.1594,0.016444,-0.0046887,-8.1743,-8.1762,-0.00095961,0.017539,-0.0067831,-0.005245,-8.1675
-6.452,0.0079469,-0.0041001,-6.4533,-6.4465,0.012586,0.0015435,0.00022178,0.0093896,-6.4529
-5.0447,0.016782,0.0013777,-5.0281,-5.0321,-0.00066627,0.011194,0.0065057,0.0003861,-5.0354
-7.6032,0.0035496,0.0077265,-7.602,-7.6161,-0.0060413,0.0051311,0.0087305,-0.010829,-7.602
-3.7002,-0.014474,-0.011268,-3.6849,-3.6874,0.0018423,-0.0077017,0.0066641,-0.0039789,-3.6799
-7.307,-0.0031955,0.0021848,-7.2878,-7.2998,0.025557,0.0098726,-0.0043188,0.0091461,-7.2989
-4.1051,0.0068509,0.00089042,-4.1069,-4.0987,-0.0012791,0.020005,0.010055,0.010622,-4.1081
-4.5937,0.012888,0.0012499,-4.6094,-4.5969,0.0042199,-0.0085826,0.0041006,-0.0052715,-4.627
-5.5687,-0.0048351,-0.0017474,-5.5585,-5.5819,-0.009179,0.0018345,0.00055507,0.019111,-5.5545
-5.7204,0.0053598,0.004232,-5.7442,-5.7451,0.012142,-0.0061914,-0.01317,0.0017625,-5.7446
-5.9782,-0.026198,0.00041616,-5.9825,-5.9972,0.0097535,-0.0031715,-0.018596,0.0017569,-5.9781
-3.109,0.0072088,0.015051,-3.1135,-3.099,0.014551,-0.0023163,-0.0033572,0.010314,-3.1165
-6.47,-0.0071514,-0.013817,-6.4562,-6.4521,0.004138,-0.00036236,0.021373,-0.0032886,-6.4645
-6.8313,-0.0075779,0.0023433,-6.8373,-6.8268,-0.018035,-0.0088125,-0.00054213,0.014387,-6.8512
-8.8048,0.0037824,0.011269,-8.8233,-8.8155,0.0155,0.019334,0.0024956,-0.0063824,-8.8045
-3.8687,0.0080642,0.0048987,-3.8609,-3.8269,0.0047296,-0.0037354,-8.4992e-005,0.0039294,-3.8542
-5.3717,-0.011574,0.004199,-5.3808,-5.3818,0.0068644,-0.01296,-0.0076606,0.017757,-5.3817
-3.0166,-0.0006845,0.0013217,-3.0017,-3.026,-0.017872,-0.0099869,0.0015322,-0.0032556,-3.0137
