-0.010241,0.0097852,-0.0023606,0.012335,3.2769,3.2571,0.004323,0.0093428,0.017393,3.2813,-0.03478,3.2575,-0.0048341,0.003351,-0.0018508,0.011172,0.0082135,3.2709,0.0043218,-0.0075651
-0.0024553,-0.010832,0.0048682,-0.014224,1.2004,1.2095,0.0083767,-0.019281,-0.0022826,1.1807,0.0017272,1.1884,-0.011957,-0.00030946,-0.0018223,0.019009,-0.0082448,1.188,-0.0040112,-0.00085799
0.02168,-0.0040604,-0.006849,-0.0038489,0.73356,0.75153,0.0019403,0.0080429,-0.0053534,0.73151,-0.0056424,0.75154,-0.014907,-0.00034975,-0.011225,-0.015577,0.0004611,0.73985,0.018324,-0.0079692
0.0083054,-0.0046252,0.012806,-0.0060406,0.86773,0.88398,0.0034107,-0.0061361,-0.0024327,0.89066,0.010612,0.8853,0.0035327,-0.00086796,-0.012233,-0.014077,-0.0018398,0.88337,-0.0076953,0.020469
-0.016326,0.013994,-0.0040222,-0.0048047,-0.97219,-0.97335,-0.0050391,-0.010077,-0.0039949,-0.99365,0.028036,-0.98632,0.01169,-0.0027163,-0.0058921,0.0079298,0.0016824,-0.95797,-0.0063116,-0.017368
0.0081221,-0.0058472,-0.013627,-0.0099077,-0.23465,-0.24998,0.0014243,0.00081734,0.0097582,-0.25204,-0.00010373,-0.24326,-0.005629,-0.01216,-0.019057,0.0018214,-0.015489,-0.25286,0.0032262,0.0036137
0.0025305,0.011226,0.0028412,-0.0044307,-0.43911,-0.44806,-0.0068929,0.014843,-0.0077903,-0.45993,0.0044899,-0.44764,0.0064506,-0.0023787,-0.00015925,0.0045383,-0.011097,-0.44129,0.017178,-0.0015597
0.0034336,0.0035493,0.0032649,0.0082094,0.15492,0.16833,-0.0071807,-0.0084991,0.0035927,0.17349,-0.0017582,0.14996,0.017479,0.0063315,0.0096274,-0.012886,-0.0088783,0.16031,0.01031,-0.0056648
-0.00050237,-0.0061644,-0.010807,-0.0032497,1.3618,1.385,-0.010747,0.0064718,-0.014959,1.3738,-0.015295,1.3671,0.002269,0.003563,-0.016581,-0.0057225,-0.0095535,1.3831,0.019607,0.0032136
-0.0189,-0.012256,0.0046823,0.010264,-0.99369,-1.0227,-0.0099207,0.0015232,0.010605,-1.0115,-0.024658,-1.0066,0.0023719,-0.012321,0.00023833,0.0026393,0.0011569,-1.0168,0.01519,0.006101
-0.009672,0.0068098,-0.0012108,0.0010197,0.34021,0.33792,-0.01134,-0.0020405,0.0018929,0.31495,0.0052531,0.32862,-0.013727,0.010607,-0.017233,-0.0069005,0.0080541,0.33544,0.0035084,-0.0025345
0.0018599,-0.011946,0.0012472,-0.016014,0.99086,0.98178,-0.020903,0.0063439,-0.015517,0.98764,0.010573,0.98332,0.0020955,-0.014239,-0.0068406,-0.015167,0.010912,0.98158,0.0097694,-0.0042504
-0.0070308,0.009909,0.0034952,-0.0047155,-0.46501,-0.47225,0.0074825,0.0050272,-0.00533,-0.47232,-0.011528,-0.44462,-0.00096669,0.010637,0.006818,0.0097777,-0.0056556,-0.44822,0.0059518,0.013024
-0.0042132,-0.0069397,-0.0078998,0.0028841,1.7669,1.7826,0.014548,0.0030261,-0.0056766,1.7776,-0.0019528,1.7973,-0.0014528,0.0075774,-0.0042813,0.0052792,0.0062872,1.7811,-0.00071141,-0.016321
0.00063098,-0.0042355,0.0049245,-0.016631,-0.26664,-0.28494,0.005012,0.0043195,0.0016329,-0.28263,0.019964,-0.28205,0.0042044,-0.0074346,0.0077078,-0.011714,-0.00036205,-0.2646,0.01319,0.010895
0.0054549,-0.017179,0.011573,-0.0063616,-0.4147,-0.43281,0.0022183,0.0040316,0.016619,-0.42357,-0.0051308,-0.4274,0.018334,-0.012888,-0.0057265,0.013761,0.018437,-0.40464,0.001755,-0.0024291
0.0033287,-0.0097843,-0.0036391,0.014918,-0.53838,-0.54887,0.0020106,0.0023015,-0.022279,-0.57092,0.010509,-0.56785,0.0023394,-0.0040124,0.013218,0.010817,-0.014074,-0.54576,0.010762,0.0014925
-0.0072152,0.0097555,0.0080047,-0.0080371,0.949,0.94803,0.0013621,-0.010127,-0.0060339,0.93509,0.0021617,0.95978,-0.0061966,0.020208,0.00067294,0.0062854,0.0060787,0.95602,-0.010192,-0.021236
0.00072779,-0.0079337,0.013097,0.010929,1.2809,1.2718,-0.011535,-0.0058438,-0.016112,1.2832,0.013876,1.2738,-0.011243,0.0062678,-0.00013969,-0.00046564,-0.018657,1.2873,-0.0055426,-0.0013373
0.009648,0.004635,0.0096436,0.011418,1.4839,1.489,-0.0058234,0.0090632,0.0035629,1.4851,-0.0089731,1.496,0.00060183,-0.0077113,0.0014664,0.007716,-0.0025228,1.4896,-0.0053553,0.0040202
-0.0055145,-0.0095154,-0.010281,0.016129,2.2833,2.2874,0.0069522,0.015022,0.007679,2.2653,-0.0015043,2.2634,0.0023849,-0.017906,0.00066942,0.0019948,-0.0078989,2.268,0.0059273,-0.014068
0.010716,0.0031327,-0.013804,-0.023883,2.3503,2.3413,-0.0064973,0.0074498,0.012994,2.3632,0.0030283,2.3427,0.021279,0.01657,-0.00087813,-0.00071767,0.022747,2.3403,0.01657,0.0015348
0.00090315,-0.0085298,0.016506,0.022762,-0.96346,-0.95475,0.019115,0.0082439,-0.0041437,-0.98167,0.0081499,-0.95813,-0.0079222,0.0033181,0.0058472,0.0080577,0.0044726,-0.96908,0.011082,0.028296
-0.0091479,0.0054469,0.00025982,-0.00321,-0.67954,-0.70746,0.0033943,-0.015574,0.0028692,-0.684,-0.026121,-0.68402,-0.0028787,-0.0061105,0.00071157,0.0062936,0.010451,-0.6979,0.001702,0.0026625
-0.014053,0.0046522,-0.010818,-0.0021147,-0.75303,-0.75419,0.0023808,-0.0081781,0.022437,-0.79255,0.0080019,-0.75376,0.018481,0.00024468,0.0052523,0.0088314,-0.00517,-0.7694,-0.016187,0.014971
0.015378,-0.020664,-0.0096177,0.016669,-0.34839,-0.33572,0.0082042,-0.0050383,0.011842,-0.35708,0.0061739,-0.35956,-0.012049,-0.0075599,0.0098454,-0.011661,0.002687,-0.35199,-0.01288,-0.0090361
0.017777,0.012857,-0.0099301,0.0024877,2.3137,2.3013,0.00036338,-0.015993,-0.0042311,2.2861,-0.0062347,2.3192,0.0027817,-0.0047205,-0.0055499,-0.013892,-0.016811,2.2986,0.0064334,0.0050514
-0.00015161,-0.013444,-0.010055,-0.0036491,0.093519,0.093549,0.01753,-0.0051863,-0.010064,0.087955,0.0030585,0.076992,0.0010751,-0.010101,0.0045135,-0.0012175,-0.014805,0.087245,0.013867,0.017376
0.00020691,-0.0036928,0.0054421,-0.0099995,-0.85114,-0.85328,0.007492,0.0084049,0.0030648,-0.86302,-0.0044977,-0.85681,0.002354,-0.0060882,-0.0031961,0.00044631,0.0028414,-0.86709,-0.0032254,0.014882
-0.00015409,0.011376,0.0093284,0.0063339,1.1043,1.0719,-0.021423,-0.0047017,-0.0073397,1.0944,0.017152,1.0776,0.0055079,-0.0032758,0.012849,0.01076,-0.013282,1.0795,0.014947,-0.012784
0.0072728,0.0075805,0.00029786,-0.013053,-0.33306,-0.32952,0.0026147,0.0076862,-0.0020005,-0.33649,0.0051954,-0.33311,0.0042901,0.008843,0.0059119,-0.0017142,0.0030555,-0.34577,0.0004419,-0.0059493
0.0016987,0.011641,-0.0016318,0.01398,-1.6597,-1.6353,0.00208,0.0050995,0.018425,-1.6368,0.016024,-1.6436,-0.018203,-0.01592,0.0079692,0.005554,0.0092944,-1.6404,-0.0041074,-0.0081777
0.01007,-0.012351,0.0014204,-0.010519,1.2176,1.2139,-0.012272,0.0042761,0.01343,1.2064,-0.0017233,1.2226,-0.021151,-0.0077817,-0.0041115,-0.0065416,-0.0099161,1.2131,0.0014984,0.0011249
0.0056215,-0.014472,0.015867,0.0095548,0.54953,0.56133,0.0081435,0.0018276,0.0067873,0.56141,-0.019886,0.56612,0.0014438,-0.014549,0.0070085,-0.0082872,-0.0097728,0.56014,-0.012018,-0.0020476
0.010287,0.0070181,0.0053533,0.0099817,0.93314,0.93169,-0.012336,-0.0035747,-3.8202e-005,0.92003,0.014588,0.93511,0.009365,0.015352,0.003281,0.001296,0.0020039,0.94433,0.011389,-0.0089527
-0.0019816,2.6406e-005,-0.0019119,-0.0020709,1.3594,1.369,-0.0041981,0.0039565,-0.0083949,1.3587,-0.020934,1.3678,-0.0013584,-0.0017227,0.0024266,-0.0094933,0.007003,1.3498,-0.0073464,-0.0002276
0.00074403,0.0031967,-0.0041443,-0.012396,3.5149,3.5258,0.0092757,0.012605,-0.002465,3.5232,0.017949,3.5228,-0.014879,0.021621,0.017614,0.0031326,-0.01011,3.5164,0.014495,-0.013757
-0.0017774,0.0052515,-0.0082775,-0.0075077,-1.1274,-1.091,-0.0087442,0.0072019,0.0021258,-1.1191,-0.0016059,-1.1188,-0.011177,-0.0087156,0.0090826,-0.012526,-0.0055877,-1.1427,-0.008026,0.005848
-0.0034117,0.0011337,0.0048161,-0.016612,1.5605,1.5515,0.0097175,-0.0017567,0.0010585,1.559,-0.0023411,1.5662,-0.010465,0.00022384,-0.0022735,-0.0070741,-0.0084998,1.5763,-0.0059475,-0.008932
0.0032285,0.00074855,-0.010022,-0.012265,0.66162,0.66279,0.0033379,0.011966,-0.0058099,0.67063,0.019688,0.66677,-0.015727,-0.016186,-0.0031023,-0.0012246,-0.0031557,0.66614,-0.0082281,-0.01165
0.0015311,-0.004518,0.0025422,-0.0015714,0.4449,0.44259,0.02874,-0.01368,0.0021899,0.44589,-0.0067622,0.41766,0.017624,-0.0070157,-0.011282,0.00073265,0.0066021,0.43893,-0.0084088,0.0017027
-0.0058273,-0.0047194,0.0016101,0.0026064,-0.55255,-0.54677,-0.00053264,0.0090163,-0.019789,-0.58436,0.0014247,-0.56873,0.0022399,-0.0042019,-0.018166,0.0064731,0.01304,-0.56525,-0.018085,-0.0065553
-0.0088927,-0.014745,-0.012782,-0.012837,0.28525,0.2777,-0.0036834,-0.0026241,0.024038,0.2919,0.0021466,0.29786,-0.023954,-0.0052183,-0.0026436,0.010538,0.0082383,0.29356,-0.0037302,0.0070166
0.0085604,0.0055799,0.0082788,-0.009154,-0.47198,-0.46131,0.0070754,0.006576,0.01912,-0.45268,0.0034905,-0.46329,0.020139,-0.010899,-0.005597,0.0082529,-0.0016453,-0.4548,-0.00045181,-0.0010652
-0.0061865,-0.0062447,0.0043329,0.017307,0.45275,0.44772,-0.0034621,0.010395,0.0085419,0.45568,-0.0086577,0.45034,0.0017956,0.016226,0.0025337,1.1485e-005,-0.0058962,0.43788,-0.01066,0.0025792
-0.011041,0.013842,0.0066432,0.017352,0.2354,0.24666,-0.0059308,-0.0044253,-0.0094336,0.23367,0.002538,0.24768,0.0030077,0.0064917,0.01047,0.0054188,-0.010171,0.23638,-0.01612,0.0089464
0.0071476,-0.0016422,-0.0022551,0.010651,1.2563,1.259,0.0021745,-0.0078049,0.0062771,1.2712,0.0063278,1.2485,0.0025425,0.0082904,0.0037901,-0.0074529,-0.015863,1.2588,-0.0089997,-0.0010867
-0.0095031,0.015594,-0.0099131,0.0022602,0.71105,0.68535,-0.0036044,0.0030684,-0.0050048,0.69464,-0.01002,0.71908,0.010308,0.00016912,-0.011054,0.0069664,0.013631,0.71386,-0.0076929,0.0071662
0.0014403,-0.012303,0.0022981,-0.018874,-1.1796,-1.1974,0.0082975,0.013181,0.015608,-1.1795,0.0028693,-1.1803,0.0065217,-0.0062478,0.012251,-0.0019681,0.0019752,-1.1908,0.00038426,-0.00054436
0.0092211,-0.0066595,-0.0046195,0.0032564,1.0187,1.0288,0.0064859,-0.0037585,0.013637,1.0338,0.0087428,1.0387,0.0030983,0.0046839,-0.0082183,-0.012128,0.007546,1.026,0.0016751,0.0016862
