-3.5977,0.015168,0.0011333,-0.0048697,-0.0047048,0.013107,0.00044662,-3.6043,-3.5988,-0.011052,0.017614,-3.62,-0.0026715,0.00016042,0.0094926,0.0037327,-3.5991,-0.0014196,-0.0059211,-0.00029335
-4.4694,-0.015293,-0.010925,-0.001681,-0.0051265,0.015439,-0.0015335,-4.4726,-4.4667,0.0012784,0.011658,-4.4779,-0.0029114,-0.0057178,-0.0041619,-0.0041637,-4.4641,-0.0072638,-0.012715,-0.0091733
-1.3492,0.0025785,-0.00456,-0.02164,0.0094216,-0.0008535,-0.0076738,-1.365,-1.3733,-0.0052667,-0.00098957,-1.3546,0.0056176,-0.014556,-0.0077054,-0.012913,-1.3632,-0.020474,-0.011403,0.0091131
-4.5997,0.010942,-0.012509,0.003126,0.010417,0.012293,0.016985,-4.5856,-4.5968,-0.0094402,0.00034202,-4.5918,-0.019976,-0.010188,-0.0063308,0.016047,-4.6114,0.0081597,0.010311,-0.013291
-4.2355,0.014795,-0.0081919,0.00036787,-0.016562,-0.016688,0.0019703,-4.251,-4.2361,0.0041286,0.00020785,-4.2329,0.0098366,-0.010628,-0.00085874,0.00046756,-4.2566,0.010455,0.0022562,0.0016216
-3.061,-0.0086929,0.0049215,-0.00935,0.0039689,-0.01473,0.01738,-3.0516,-3.0623,0.013314,-0.016694,-3.0513,-0.013123,-0.020257,0.0017455,-0.0075256,-3.0655,-0.012267,-0.0031901,-0.0047695
-3.5969,0.0095227,0.0040986,0.0035687,0.010823,0.0076509,0.013867,-3.5912,-3.6023,-0.015661,0.0038257,-3.5857,0.0055897,-0.008032,-0.002028,-0.0031557,-3.5922,0.010361,-0.0011055,-0.0041746
-2.4946,-0.00041812,0.0041493,0.0014221,0.014063,0.01016,-0.0007175,-2.5218,-2.4864,0.0025546,-0.0017721,-2.5158,0.014523,0.0054641,0.0085809,-0.0030289,-2.4941,-0.0046694,0.0049643,-0.017293
-4.8781,-0.0054119,-0.013631,-0.00049471,0.0040241,0.016078,-0.003748,-4.8785,-4.8746,-0.0023326,0.011299,-4.8835,-0.011891,0.021644,0.013247,0.0080048,-4.8587,-0.0047343,0.0051079,0.0028694
-3.0197,0.0022496,0.0019932,-0.0015709,-0.0080535,-0.0062886,0.0041553,-3.0055,-3.0351,-0.0042628,-0.0078177,-3.0275,0.014771,-0.0054266,0.0049615,0.010767,-3.011,-0.0099359,-0.0024596,0.011401
-2.2426,0.018509,-0.016751,-0.0074247,0.016267,-0.0020906,0.011804,-2.2604,-2.241,-0.00073439,-0.018437,-2.244,0.0092531,0.0033278,0.0027138,-0.00069999,-2.2448,0.0023441,0.006534,0.00078439
-5.5729,-0.014518,-0.019785,0.025592,0.0091427,-0.0060995,0.0082752,-5.5936,-5.5556,-0.0071232,0.0019766,-5.5574,-0.003671,0.0028576,0.01424,0.010225,-5.5707,-0.0037062,-0.006311,-0.014215
1.8572,-0.0052458,0.0079524,0.0071626,0.024272,-0.004486,0.0042716,1.8801,1.8708,-0.001787,0.009831,1.8728,-0.0027776,-0.0099616,-0.0091426,0.0026654,1.9045,0.016172,0.0058636,0.012344
-4.9307,0.0069872,0.0077644,-0.0047737,-0.0027441,-0.0053159,-0.0099048,-4.9269,-4.9179,-0.0086478,0.019222,-4.9359,-0.0013608,-0.0024903,0.0055813,0.012148,-4.912,-0.019227,-0.0084804,-0.022517
-1.3303,0.0096828,0.010566,-0.0013468,-0.0017058,0.020207,0.0012356,-1.349,-1.3327,-0.0075835,0.0072775,-1.3214,0.017155,-0.011044,-0.0095828,0.001263,-1.3411,-0.0085179,-0.018355,0.0066553
-3.3052,-0.0020296,-0.0075003,-0.01554,-0.0057609,-0.0015729,0.0070926,-3.3021,-3.3204,-0.0065059,-0.012918,-3.3113,-0.0040013,-0.0059028,-0.0065694,-0.013614,-3.3203,-0.018334,0.00022823,0.017172
-3.128,-0.0077532,-0.007672,-0.0010004,-0.017295,-0.0051782,0.0078171,-3.146,-3.1462,0.0040642,-0.0088383,-3.1402,-0.014458,0.0069823,-0.008798,0.0013448,-3.1359,0.0020977,-0.00097521,-0.0080326
-4.2781,0.011736,-0.022959,0.0070799,0.0023042,-0.0044574,-0.0035234,-4.2543,-4.2691,0.0091439,0.0059981,-4.2649,0.0016117,0.0026854,0.0067882,0.0048472,-4.2695,0.0018357,-0.010036,-0.00037712
-6.3045,-0.002165,0.0099891,-0.0056819,-0.0013713,0.010157,0.017217,-6.304,-6.3022,0.0096947,-0.0010252,-6.3145,0.016474,0.0065583,-0.0067567,-0.0015176,-6.3101,-0.0092072,0.0076563,0.0046135
-2.5073,-3.5903e-005,0.0045232,0.0024255,0.00042553,0.011692,-0.0078422,-2.5245,-2.5125,0.014536,0.006598,-2.5086,-0.011676,1.2604e-005,0.0079594,0.03949,-2.5196,-0.0072436,0.011453,0.0036319
-2.1596,0.019312,-0.010232,-0.011493,-0.0032011,-0.00539,-0.015867,-2.1619,-2.1349,0.001583,-0.0087586,-2.1686,-0.0095599,0.00099334,-0.0068796,0.0024945,-2.1591,-0.0018132,0.010332,0.00081622
-3.8799,0.00042356,0.0027209,0.010892,0.0004649,0.010198,0.011352,-3.8814,-3.894,0.0053434,-0.0098698,-3.8778,-0.0025494,0.0012395,-0.0071292,-0.0069481,-3.8796,-0.0096183,-0.017114,-0.013093
-0.22972,-0.01963,-0.018512,-4.5696e-005,0.0039068,-0.0030516,-0.0043676,-0.20564,-0.20506,-0.0056171,0.017663,-0.21464,-0.015198,0.0022762,-0.0049931,0.0069065,-0.20151,0.016034,0.0027876,0.0094695
-4.0471,-0.017943,0.0049963,-0.016483,0.0066669,0.0096442,4.106e-005,-4.0585,-4.0518,-0.02402,-0.015855,-4.038,0.0086846,0.006355,-0.0029669,-0.0049854,-4.0396,0.0078132,-0.0044316,-0.004746
-6.4441,-0.0088391,-0.0076741,-0.0020711,-0.0008088,0.0044657,-0.0051154,-6.4618,-6.4456,-0.0059755,0.0080514,-6.4442,0.0078806,0.0020878,0.005875,0.014015,-6.4424,0.01568,0.0086643,0.013986
-3.7699,-0.0015508,0.018276,0.01088,-0.0024097,0.0048654,-0.012206,-3.7785,-3.7487,0.0043799,-0.0071916,-3.7692,-0.0089579,-0.0076778,-0.0096254,-0.0093601,-3.7613,-0.0062048,-0.0063328,-0.0089563
-3.8447,0.0025062,0.0080872,-0.0090128,0.0078787,-0.0077807,-0.016254,-3.8558,-3.8413,-0.0035418,0.0050408,-3.8428,-3.7095e-005,-0.0077484,-0.02277,0.0021383,-3.8478,-0.0024665,0.0062686,0.010688
-5.0548,-0.0079991,-0.010488,0.00090305,-0.0058583,0.0044112,-0.011654,-5.0526,-5.0652,0.0030729,0.0018912,-5.0694,0.0075758,0.016074,-0.0067946,-0.0068661,-5.0697,-0.0049664,-0.0047553,0.0016336
-6.5726,-0.0098437,0.016219,0.0061243,0.016897,-0.0025971,0.0070721,-6.578,-6.5645,-0.0019154,0.0093456,-6.5889,-0.016042,-0.0070862,0.018189,0.014548,-6.5594,-0.0096719,-0.0018232,0.0018051
-3.798,0.0021444,-0.0058834,0.00034415,0.016954,-0.0014287,0.0060636,-3.7953,-3.7973,-0.015794,0.0012114,-3.7717,-0.015289,-0.016219,0.010287,0.014791,-3.7795,-0.0065065,0.0037462,0.0091018
-2.6351,0.0067959,-0.0024574,0.012235,0.0093825,-0.013156,0.0063878,-2.6437,-2.628,0.0074911,-0.014077,-2.6382,-0.001645,-0.0065704,0.018498,-0.0031594,-2.6412,0.0014179,-0.011668,0.0057492
-1.8232,-0.0027767,-0.0041909,-0.0027703,0.0038714,-0.011474,-0.016308,-1.8222,-1.8232,0.0044497,0.023686,-1.8227,0.017472,-0.019196,0.016581,0.020385,-1.8142,-0.011291,0.019688,-0.00081683
-4.4535,0.0026162,-0.01336,-0.0036477,-0.013749,-0.014779,-0.010944,-4.4627,-4.4552,-0.0087797,0.013236,-4.4504,0.0061417,-0.0036062,-0.0071038,0.0065138,-4.4631,0.0050161,0.0097643,-0.020123
-1.415,-0.0029447,0.012236,0.0024369,0.0086418,-0.018804,0.031763,-1.4333,-1.4227,0.010018,0.004215,-1.413,-0.015994,0.002227,-0.0070376,0.0067858,-1.4262,0.0043855,0.015695,-0.013847
-4.3129,0.0023051,0.0094268,-0.0034904,0.0043893,0.0071785,-0.016707,-4.3347,-4.3268,0.0010086,0.012256,-4.3325,-0.0019367,0.0031457,0.0032205,0.0019068,-4.3168,0.018765,-0.00084888,-0.0042947
-5.2094,0.013238,-0.0054477,0.0017726,-0.015919,-0.00020969,0.013899,-5.198,-5.1831,0.0088137,0.00059576,-5.1855,-0.015736,0.008969,0.012498,-0.014215,-5.1994,0.006469,0.0074065,-0.0068511
-3.8812,0.0097156,-0.0051949,-0.00051684,-0.0041202,0.0060623,0.013686,-3.8833,-3.888,0.020614,-0.0058568,-3.8769,0.015356,-0.0077107,0.010992,-0.011304,-3.886,0.0062941,0.0067307,0.013492
-5.2779,0.01343,0.0082074,0.011157,0.0050402,0.0075723,0.0040643,-5.2691,-5.2806,-0.010485,0.0074854,-5.2907,0.012104,-0.0046045,-0.0021905,-0.007413,-5.2725,0.010101,-0.0036488,-0.0031219
-5.0387,0.011561,0.017715,-0.0063294,-0.002197,-0.0017352,-0.001398,-5.0469,-5.0407,0.0087587,0.013076,-5.0526,0.0059581,0.033066,0.011979,-0.0075131,-5.0574,0.0073092,0.0090349,0.014549
-4.3263,0.002771,0.0018113,0.0052686,-0.0094384,-0.02422,0.002311,-4.3365,-4.3176,-0.0022549,-0.006605,-4.323,-0.0039273,0.0078088,-0.002553,0.001588,-4.3249,-0.023329,0.0027689,0.0014379
-2.315,0.01417,0.00032835,0.01052,0.0078284,0.0050424,-0.0057547,-2.3085,-2.3095,-0.015407,0.013486,-2.2996,0.0024705,0.0073748,-0.012654,0.017179,-2.2964,0.0013395,-0.0090346,-0.00038832
-4.8323,-0.010618,0.005674,0.015741,-0.013345,-0.0094573,-0.00020609,-4.8528,-4.8504,0.0022015,0.0032655,-4.825,0.0056222,-0.0070448,-0.0017508,0.017186,-4.8361,0.013866,-0.0020604,-0.0071924
-1.7727,-0.019351,-0.0014182,0.00093607,0.0010443,0.0042364,0.0084472,-1.7526,-1.7958,0.0088158,0.0080386,-1.7849,-0.020366,0.00020284,-0.030107,-0.0053459,-1.7851,-0.00033866,-0.011943,0.0092569
-2.8597,0.00073972,0.0016131,0.0037719,0.0010702,0.010131,0.0018846,-2.886,-2.8874,-0.019377,-0.016488,-2.883,0.00037842,0.0044969,0.0049551,-0.0044149,-2.8731,0.014181,0.0064683,0.013173
-3.7618,-0.005654,0.0134,0.0068326,-0.011587,0.0017552,-0.010822,-3.7375,-3.7462,-0.0070207,-0.0010259,-3.7446,-0.0051363,0.013392,-0.0064143,-0.0092275,-3.7354,-0.0029927,0.00043509,0.022785
-4.186,0.0048804,-0.010575,-0.0029086,-0.0063313,0.0042395,-0.0049033,-4.1632,-4.1536,0.0040547,0.0059926,-4.1695,0.011744,-0.012649,-0.017349,-0.016285,-4.1548,0.0013479,-0.018322,0.010378
-2.0147,-0.0062628,-0.0084146,0.0024771,-0.0079992,0.00034325,0.0080303,-2.0212,-2.0161,-0.003402,-0.0031685,-2.015,-0.0025997,-0.00096923,0.012396,-0.012124,-2.0235,0.0041883,0.00052738,0.0011496
-0.31523,0.00064425,0.0013044,-0.002819,0.0015438,-0.0067037,0.0053339,-0.31622,-0.33121,-0.00013,-0.0071257,-0.32689,-0.0028876,-0.022459,0.0043565,-0.012521,-0.33382,0.001431,-0.0034603,0.0052019
-2.5652,0.018452,0.001373,-0.0073428,0.02452,0.0064303,0.0079641,-2.5863,-2.5946,-0.0016508,0.002442,-2.6097,0.0040362,-0.0046015,-0.024481,-0.0061157,-2.5979,0.0013441,0.012018,-0.018167
-6.9865,0.01288,0.019046,0.0114,-0.0050798,0.010646,-0.0043089,-6.9939,-6.9782,0.0097983,0.0019695,-6.981,0.014132,-0.0083093,0.016761,-0.01028,-6.9788,-0.0020037,0.020385,-0.020067
