-3.7798,0.0087088,-0.0060142,-3.7741,0.016588,-3.773,-0.01628,-3.7876,-0.0028553,-3.7755
-3.8401,0.0034679,0.0010505,-3.837,-0.009432,-3.8356,0.01669,-3.8336,0.0045006,-3.8552
-0.45142,0.010136,0.0036545,-0.44982,-0.0011506,-0.42556,-0.016393,-0.44578,-0.0032532,-0.44195
2.0372,-0.0013244,-0.0059592,2.0553,0.023734,2.0557,-0.0043308,2.0532,-0.01016,2.0417
-3.0166,-0.019988,-0.010711,-3.0186,-0.012266,-3.0083,0.021158,-3.0205,-0.011689,-3.0273
0.47123,0.010743,-0.00015431,0.4725,0.016768,0.46037,-0.00092063,0.46453,0.034587,0.47562
-3.0539,-0.01298,-0.0022504,-3.0536,-0.00013809,-3.0779,0.0065437,-3.0631,-0.013416,-3.0636
1.5643,0.0013056,-0.011092,1.5594,0.0075506,1.5492,-0.017537,1.5536,-0.012704,1.5636
-1.8195,-0.0049805,-0.0058623,-1.835,0.0011773,-1.8345,-0.0011645,-1.8279,-0.025118,-1.8088
1.3998,0.0007234,-0.0074869,1.3904,0.0032663,1.3924,-0.0042389,1.3853,-0.015182,1.384
-0.025374,0.0045287,0.0026537,-0.02562,-0.00093946,-0.070179,-0.020584,-0.046526,-0.0012912,-0.040243
4.5503,0.016705,0.0045079,4.569,0.025701,4.5803,-0.0013342,4.5529,-0.010702,4.5719
-1.4565,-0.000794,0.021846,-1.4604,0.0037493,-1.4414,-0.0047613,-1.4713,-0.018337,-1.4647
1.402,0.0046955,-0.0097531,1.4212,0.010037,1.4178,0.0053393,1.4321,0.013943,1.418
-0.11803,0.00040313,0.020732,-0.10303,-0.014198,-0.10825,0.019191,-0.11644,0.01828,-0.10993
2.9797,-0.0039439,0.0090999,2.988,-0.001652,2.9768,-0.014242,2.9798,0.0061087,2.9992
1.6363,-0.0096526,-0.031651,1.6447,-0.0039329,1.6326,-0.00432,1.6245,0.0036318,1.6449
1.5965,-0.0052954,-0.0073772,1.6101,-0.0042392,1.6256,-3.5405e-005,1.6241,-0.010618,1.618
3.4669,-0.01036,0.022875,3.4725,0.0069977,3.4583,-0.00053115,3.4594,-0.0059492,3.4662
6.0063,0.0087634,0.0016528,6.0243,-0.011292,6.0171,-0.014481,6.0336,-0.0046116,6.0106
-2.006,0.0051199,0.0079517,-1.9742,0.030315,-1.9768,0.0095912,-1.9967,-0.0089013,-1.9857
-1.4563,0.022081,0.006347,-1.4707,-0.0078969,-1.4752,-0.0065835,-1.4748,-0.017372,-1.466
1.1975,-0.013576,-0.0099708,1.1867,-0.0067455,1.206,0.0016705,1.2077,0.0057116,1.1988
1.5901,-0.0015581,0.0053744,1.5744,-0.02405,1.5835,0.0031791,1.5714,-0.0058893,1.5752
0.39889,0.0031364,-0.0075968,0.38826,-0.012924,0.41349,0.0013955,0.40729,0.0087574,0.38232
3.873,-0.0032383,0.0060602,3.8666,0.0012779,3.882,0.016587,3.8654,0.0042918,3.8466
-4.3398,0.0012617,-0.019853,-4.3343,-0.0023899,-4.3286,-0.0031728,-4.3412,0.00039762,-4.3236
-4.1537,-0.004653,0.0040328,-4.1415,-0.0021833,-4.1524,-0.0069535,-4.1494,0.0031893,-4.1623
0.80486,0.011635,0.0013948,0.81093,-0.0093745,0.78328,0.0035453,0.79924,0.013501,0.79538
5.2941,-0.00017354,-0.0083963,5.2711,0.0096612,5.262,0.0081683,5.2768,-0.019599,5.2785
1.4009,0.0086624,0.0077502,1.4129,-0.010771,1.3973,-0.0054534,1.3911,-0.009593,1.4018
0.66459,-0.0013422,-0.013653,0.66385,-0.015547,0.65397,-0.0035813,0.65557,-0.0095084,0.67014
4.6721,-0.0051915,0.01261,4.6776,0.0061163,4.6788,-0.0050158,4.6652,0.0061354,4.679
-0.86508,0.0002011,-0.0072058,-0.85175,-0.011543,-0.84696,0.00074642,-0.86068,0.02753,-0.84044
1.789,-0.0093947,-0.00076453,1.8068,-0.018549,1.8081,-0.0080029,1.7873,-0.0097997,1.8008
-2.3774,-0.008521,0.0040176,-2.3951,-0.0039224,-2.3947,-0.014239,-2.3892,0.0025176,-2.3958
3.4328,-0.018601,-0.0043547,3.4439,0.0048466,3.433,-0.016993,3.4272,-0.0065743,3.4176
0.61758,0.010201,-0.0022194,0.62754,-0.0041553,0.61742,0.016787,0.6217,-0.00011692,0.60948
5.8821,-0.0007298,0.0026774,5.8723,-0.0058281,5.8561,0.019635,5.8696,-0.0078632,5.857
-2.8972,-0.0016062,-0.0082504,-2.921,-0.0054215,-2.9249,-0.0047482,-2.9206,-0.01295,-2.9088
3.0125,0.015252,0.019337,3.0057,-0.00090751,3.0115,-0.0088063,3.0013,0.011407,2.9885
-0.42779,0.0010911,-0.013187,-0.40823,0.0011184,-0.43271,0.0030575,-0.43137,0.0022729,-0.44341
3.0167,-0.0062322,-0.00437,3.0101,-0.0073007,2.99,0.022249,2.9876,-0.0055356,2.9997
-0.73424,-0.0061284,-0.0084613,-0.74787,0.02755,-0.72841,-0.0020447,-0.72177,-0.01208,-0.74507
2.1062,-0.0030475,-0.0050043,2.1105,-0.0042405,2.1164,0.0076927,2.1194,-0.0082598,2.1076
6.2258,-0.0021665,-0.013838,6.2038,-0.0048715,6.2331,0.0065011,6.2344,0.0082302,6.225
-1.0329,0.0093884,0.00097384,-1.0323,-0.00033721,-1.0426,-0.0032324,-1.0324,-0.015978,-1.0257
-1.5503,-0.0069601,0.0040238,-1.5344,-0.0076049,-1.5602,0.0036873,-1.5246,-0.0083955,-1.5626
-2.2843,-0.0079525,0.0018521,-2.2947,0.010537,-2.2633,-0.0064013,-2.2835,0.015448,-2.2689
3.573,0.010418,-0.0049246,3.565,-0.0042897,3.5825,-0.0073278,3.5731,0.0010165,3.5764
