-2.5706,-0.012566,-0.0037391,-0.0048298,0.0075852,0.012657,-2.5715,0.0048792,-0.0061437,-2.5718,-0.0046005,-0.0035532,0.0026266,-0.0030179,-0.0048612,-0.0062156,-2.5652,-0.013348,0.022951,-2.561
-7.9985,0.0047808,0.0044901,-0.00071191,-0.015113,-0.0084345,-7.9882,-0.0016798,-0.0048,-8.0109,-0.0063927,0.0011457,0.0040013,0.023373,0.018343,0.00094393,-7.9787,0.0013197,-0.006014,-7.9881
-7.4177,-0.0014907,0.0084898,-0.00445,0.015887,0.0058373,-7.4249,0.011273,-0.0053924,-7.4252,0.0078816,0.010221,0.0012566,-0.016195,-0.0074491,0.011045,-7.4316,-0.0084567,-0.0034649,-7.4198
-5.4147,0.015703,0.0037197,3.1244e-005,0.0088148,0.0018817,-5.3974,0.0043011,-0.0098235,-5.4091,-0.011246,0.0070197,-0.0026899,-0.0049443,0.0054573,-0.0079884,-5.4015,0.01234,0.0048439,-5.4049
-6.6578,-0.015446,-0.013442,-0.0056697,0.0031401,0.013366,-6.6259,-0.020055,0.013361,-6.6175,-0.0074685,-0.006797,0.020362,-0.0092881,0.0034859,0.0065962,-6.6384,4.3616e-005,0.0017498,-6.6324
-8.2347,-0.00083226,-0.015336,-0.0062369,-0.00042578,-0.0070716,-8.2107,0.0079616,-0.0099184,-8.2173,-0.0032812,0.0051137,-0.010527,0.00053865,0.016449,-0.011255,-8.2114,0.0032829,0.0066993,-8.2394
-6.649,0.0098757,0.00080422,-0.0077891,0.00092702,0.0018759,-6.6569,-0.0058189,-0.011949,-6.658,-0.00061202,-0.01282,0.01042,0.015357,-0.017146,-0.01051,-6.6652,-0.00046517,-0.013139,-6.6512
-4.7511,0.0061567,0.0051532,-0.00023845,0.012141,-0.0063778,-4.749,0.0049972,0.0059653,-4.7548,0.0010363,0.010326,0.0093808,-0.0028709,0.0050736,-0.0023052,-4.749,0.0054403,-0.0068426,-4.7433
-9.3007,-0.011535,0.00084639,-0.0048059,-0.0022134,0.0054237,-9.2849,-0.016855,-0.015314,-9.2908,0.003766,0.013075,-0.0099067,0.0022062,-0.019334,0.011599,-9.2984,0.00071572,-0.008768,-9.2867
-5.4794,-0.0068643,0.0005804,0.010142,0.005914,0.0032058,-5.4821,-0.015504,0.0091781,-5.4844,-0.011541,0.0057506,-0.0066097,-0.017595,-0.013245,-0.0012348,-5.4848,-0.010144,0.011727,-5.4932
-4.195,-0.0049086,-0.0076821,-0.012867,0.012871,-0.00031877,-4.2022,-0.0096711,0.0067262,-4.2181,0.014409,-0.012767,0.0041703,-0.0068591,0.0081303,0.028027,-4.2188,-0.013509,-0.015519,-4.2111
-4.5149,0.0020357,0.0058433,0.0050895,-0.0031727,-0.013999,-4.5413,0.0020781,-0.0076106,-4.5438,-0.0119,0.0071467,0.017986,0.0020406,-0.0056336,0.010681,-4.5226,-0.0029126,0.00030664,-4.5202
-3.0322,0.0028195,-0.012279,0.0013205,-0.013735,-0.032414,-3.0296,0.0016569,-0.0034301,-3.0347,-0.014044,-0.0064257,-0.013808,-0.019399,-0.010871,0.017626,-3.0415,-0.0012748,-0.013381,-3.024
-8.2319,0.011285,-0.014705,-0.0042838,0.006124,0.0033159,-8.2305,0.015114,0.011551,-8.2286,-0.014862,0.0018202,-0.0079319,-0.014824,-0.010831,0.0023088,-8.2085,-0.0092657,0.0074819,-8.2029
-9.1148,-0.011066,0.013551,-0.0086496,0.012797,0.0048674,-9.0972,0.011185,0.0049527,-9.0958,0.012404,0.0023954,-0.01565,-0.0075166,-0.013997,0.0034283,-9.0949,0.014724,-0.016584,-9.111
-2.7188,0.021388,-0.0054991,0.010784,-0.0044039,-0.0053253,-2.7185,-0.0044334,-0.01206,-2.7281,-0.0061643,-0.030927,0.01359,0.0087074,0.0068329,0.0016285,-2.7348,-0.0018625,-0.0037356,-2.718
-3.2003,0.0081336,-0.013279,-0.0059117,-0.0053363,-0.020052,-3.1999,0.014197,0.0024532,-3.2145,-0.010411,0.014771,-0.0025785,0.004954,0.0070457,-0.00053187,-3.202,0.0019676,-0.0091159,-3.209
-3.1371,0.0022188,0.021815,-0.00067387,0.02414,-0.008314,-3.151,0.0038534,0.0077929,-3.1372,-0.006416,0.0035859,0.010525,-0.00078378,0.0059206,-0.0057387,-3.1374,0.014705,-0.0092048,-3.1448
-1.5927,-0.00024708,-0.0084505,0.0050695,-0.0028684,0.012666,-1.6116,-0.005092,-0.002713,-1.6325,-0.016591,-0.010079,-0.0093813,-0.0047429,0.014906,-0.013569,-1.6014,0.0034658,0.0017501,-1.6167
-0.84581,-0.011171,-0.02224,-0.010261,0.0082101,0.0061986,-0.86044,-0.011781,0.005027,-0.84303,0.011452,0.024669,-0.0090392,-0.0035021,0.0071589,-0.00039248,-0.86606,0.014612,-0.0015344,-0.84628
-8.4339,-0.012953,-0.0047829,0.0012292,-0.0036331,-0.0064747,-8.4302,0.0089274,0.0011168,-8.4417,-0.0098789,0.021516,0.0017761,0.014712,-0.010746,-0.0026548,-8.4358,0.0037406,0.0086359,-8.4189
-2.75,0.0086138,-0.011954,0.0047266,-0.026324,0.0026947,-2.7515,-0.0060764,0.004751,-2.7441,0.015477,-0.0053784,-0.020021,-0.0070122,-0.015148,0.010421,-2.7451,-0.0090519,-0.011011,-2.7516
-9.0895,0.0097381,-0.0086493,0.018173,0.0058799,-0.00066447,-9.0809,-0.0088876,-0.019999,-9.0815,0.01585,-0.0050501,0.013876,-0.001621,-0.0053641,-0.0058895,-9.0941,0.0025137,-0.025621,-9.0837
-6.0136,0.0042825,-0.00742,0.018001,-0.0037851,-0.0090808,-6.0227,-0.014716,0.0026223,-6.027,-0.001698,0.0015687,0.0042427,0.0012623,-0.014501,-0.0092542,-6.0251,0.0018236,-0.0030917,-6.0263
-3.8439,-0.015772,0.0092111,0.0045025,-0.011171,-0.012078,-3.8345,-0.0012842,0.007765,-3.8491,0.0058209,-0.019272,-0.0021738,0.0077781,0.01754,0.0071644,-3.8618,-0.0016948,0.0031959,-3.8299
-7.2449,0.018233,0.010352,0.0016847,-0.008181,0.021182,-7.2083,-0.0066463,0.0023651,-7.2348,0.0092487,-0.0078159,-0.0035789,0.0081886,0.0024018,0.015163,-7.2181,-0.0025288,-0.0017732,-7.2347
-7.2219,-0.011332,-0.010744,-0.0043399,0.0049019,0.01714,-7.2252,0.0045935,0.0053156,-7.2083,-0.0063859,0.0010254,0.0025351,0.010752,0.010924,0.0058932,-7.2171,0.0024371,-0.0066399,-7.2291
-6.809,0.0018687,-0.008193,-0.0078561,0.0018641,-0.0021386,-6.801,0.021809,-0.0050262,-6.8131,-0.0035865,0.018669,0.020294,-0.0072923,-0.013787,-0.00067072,-6.8069,-0.0079689,0.017713,-6.7867
-4.284,-0.014695,-0.011145,-8.8032e-005,-0.0041905,0.011575,-4.3159,0.01011,0.00033922,-4.2907,0.0044863,0.012151,0.0037867,-0.0058999,0.01289,-0.0030155,-4.2925,-0.0064024,0.010186,-4.2948
-4.5537,0.017932,0.025022,-0.005359,0.0028808,0.013478,-4.545,0.012002,0.018728,-4.5427,-0.0084967,0.0037987,-0.017299,0.011687,0.016772,-0.011296,-4.5633,0.0028993,0.0041766,-4.5463
-5.3657,0.0094768,-0.0015468,0.010411,0.010757,-0.0012506,-5.373,0.0039441,-0.008064,-5.3806,-0.0042959,0.010481,-0.003522,-0.0041088,-0.018555,-0.011904,-5.3768,-0.0044379,0.0081592,-5.372
-10.075,0.0028256,0.011621,0.0033489,0.0056849,0.0077477,-10.092,0.0088,0.009526,-10.102,0.019467,0.00063737,0.0064763,0.0075974,0.0039153,-0.0075271,-10.081,-0.0023881,0.020746,-10.089
-3.9988,0.0083681,-0.00051983,0.001954,-0.0020139,0.00953,-4.0113,-0.0043997,0.013013,-3.9891,-0.016969,-0.0061413,-0.0044122,0.0024459,0.0027448,-0.017471,-4.0132,-0.008768,0.0088104,-4.0174
-6.7007,-0.01434,0.0063725,0.0085577,-0.016908,0.0059359,-6.7212,-0.0015944,-0.0077444,-6.7151,-0.0049977,-0.01061,-0.01149,-0.0041623,-0.0062949,0.010474,-6.7018,0.015656,-0.0041513,-6.7083
-5.7398,0.002183,-0.0079673,0.0037657,0.0055931,0.0082878,-5.7517,0.012297,-0.013596,-5.7388,0.0083655,-0.017627,-0.0062239,0.0030737,-0.0042171,-0.001099,-5.7403,0.0048463,-0.0037816,-5.7417
-8.2592,-0.0078655,-0.010249,0.0048575,-0.0028545,0.0088637,-8.2732,0.0012695,0.012187,-8.2615,-0.0052826,-0.0022709,-0.011797,0.0033219,0.0014337,0.0102,-8.2651,-0.0034466,0.011221,-8.2578
-4.508,-0.0012292,-0.0078622,-0.022781,-0.0059178,-0.0061696,-4.5037,0.010173,-0.011515,-4.5145,-0.01317,-0.0017888,0.0044554,-0.0097981,0.010969,-0.01244,-4.5124,0.0021432,0.017881,-4.4914
-6.6711,-0.00026339,0.017796,-0.010563,-0.0014004,-0.0018034,-6.6702,-0.006881,0.015094,-6.6728,0.0032577,-0.0043314,0.0024592,0.014929,0.01589,-0.0031435,-6.6654,-0.0020888,-0.00089409,-6.6749
-1.3655,0.0031394,0.014571,0.003899,-0.016429,0.0023296,-1.3528,0.0040023,0.00038183,-1.3901,-0.023055,-0.0075553,-0.017115,0.030312,-0.012765,0.014348,-1.3803,0.003959,0.010625,-1.3776
-9.5622,0.0076611,0.0080129,-0.0022151,-0.019446,0.012492,-9.558,0.0070273,-0.034868,-9.5617,-0.006442,-0.0023803,0.0092213,0.012285,0.011128,-0.010421,-9.5739,0.010337,-0.0021232,-9.5471
-6.3924,-0.0030157,-0.015387,-0.00029275,0.013937,-0.0030352,-6.417,0.010826,0.00079298,-6.3856,-0.018824,0.032158,0.0072706,-0.0020416,-0.013003,0.0059347,-6.4013,-0.02195,-0.013286,-6.4157
-8.7363,-0.0052887,-0.0037159,-0.0085483,0.0040364,-0.017762,-8.7284,-0.0041937,0.011032,-8.742,0.0092288,0.013637,-0.0082075,-0.017012,0.0027093,0.012473,-8.7226,0.001633,-0.0071786,-8.7393
-6.6045,0.0066172,0.010606,-0.023185,0.016313,0.0040487,-6.6065,0.0009335,0.0052214,-6.6211,-0.0097819,-0.014694,-0.024458,0.016682,-0.0018303,-0.0173,-6.6137,-0.0027312,-0.015745,-6.6103
-5.5105,-0.010259,-0.016475,-0.012254,0.0024222,-0.0068344,-5.533,-0.0053334,0.015887,-5.5272,0.0091356,-0.0041694,0.011773,-0.0053853,0.0044974,-0.0069561,-5.5233,0.0027796,-0.013219,-5.5228
-7.185,0.0092174,0.0041677,-0.015766,0.0098073,-0.015247,-7.2079,0.0038744,0.0094425,-7.2004,0.0028115,-0.0081803,-0.0025919,0.013514,-0.0095231,-0.0081156,-7.1953,0.0060992,0.0086036,-7.191
-8.4132,0.012777,0.006434,0.013129,0.016427,-0.015677,-8.405,-0.012361,-0.0041354,-8.4138,0.0025525,0.0071199,0.0039846,0.031677,0.0081679,-0.00061857,-8.3986,0.015271,-0.0017708,-8.4213
-1.3744,0.00017394,0.00026124,0.0025303,0.00013096,-0.0030152,-1.3904,0.0037234,-0.0014293,-1.3913,-0.015169,0.0059241,0.0129,-0.00090418,0.0059746,0.0071455,-1.3838,-0.0021856,-0.022731,-1.3824
-5.4761,-0.0039045,0.0061008,-0.02613,-0.0011271,-0.013277,-5.4988,0.00089482,-0.00072432,-5.4906,-0.011739,-0.011439,-0.020444,-0.014713,-0.018236,-0.0034588,-5.4978,-0.012456,0.012289,-5.4819
-6.781,0.0011193,0.011717,-0.0012589,-0.0022176,0.0022175,-6.7869,-0.013457,0.0034189,-6.7715,-0.0095791,0.0075403,-0.0028395,-0.015135,-0.010134,-0.0028009,-6.7544,0.011557,0.0023456,-6.7781
-2.805,0.0011723,-0.0074051,-0.0027542,-0.016332,-0.013159,-2.8036,-0.0012441,0.0091485,-2.7982,-0.00029229,0.0043616,-0.006222,-0.0018749,0.0014038,-0.013327,-2.8141,-0.00026403,-0.01123,-2.8046
