-0.0031969,-0.38206,0.0022134,0.0045392,-0.36082,0.00069526,-0.3826,0.002364,-0.0030502,-0.0082137,0.0085486,-0.0050861,-0.01702,-0.40472,0.025765,0.012046,-0.0065395,-0.0039302,-0.37401,0.0042066
0.0049708,-1.7253,0.010859,-0.0069793,-1.7195,0.0014155,-1.7508,-0.00052946,-0.0081179,0.0094834,-0.0061171,-0.0090174,-0.0017027,-1.7261,0.018871,-0.0026573,0.0020872,-0.00056858,-1.7443,-0.0097395
-0.01096,1.1203,-0.00094476,-0.015366,1.1089,-0.003316,1.1059,-0.0087599,-0.0065519,-0.0016987,-0.010074,0.0024507,0.002076,1.1115,-0.0032269,0.006922,-0.014865,-0.0074708,1.1247,-0.0081528
-0.0052177,-0.69977,-0.017372,0.0012689,-0.70004,0.008744,-0.70728,0.0018839,-0.0069412,0.011775,0.0006578,-0.010242,-0.0033704,-0.71836,-0.010268,-0.0042758,0.008345,-0.0055898,-0.70541,-0.0079858
0.00061197,0.39563,-0.0085155,0.0013867,0.4111,0.013086,0.39611,-0.0044991,0.015747,-0.0011498,0.012495,-0.0011361,-0.0037859,0.3955,-0.013288,0.010787,0.0013932,0.0025469,0.39903,-0.035576
0.014796,-0.32617,-0.00061621,-0.014775,-0.30749,-0.011066,-0.31098,0.010523,-0.0029172,-0.0073371,0.0098542,-0.0087353,0.0095532,-0.31805,0.0092974,0.010203,-0.0025583,0.014391,-0.3142,0.018885
-0.011245,-0.58708,0.010746,-0.0012495,-0.5681,0.0043276,-0.56026,0.0008596,0.0088515,-0.012146,0.012729,0.0037683,0.0018647,-0.55654,-0.00029762,-0.0069854,-0.0064857,-0.028661,-0.57124,0.0031843
-0.00088644,0.39179,0.0081725,-0.0053099,0.36749,0.0078865,0.38779,0.012122,0.0092002,-0.0055305,-0.0026797,0.0056157,0.020778,0.35837,0.0030528,-0.0031376,-0.017957,0.0041667,0.38445,-0.0070939
-0.014746,-0.59673,-0.014364,-0.0072422,-0.58067,0.0091327,-0.57203,0.0039864,0.0011329,-0.0095118,0.0033493,-0.0049328,-0.011119,-0.58359,-0.0026006,-0.0014677,-0.0087127,0.00060951,-0.58843,0.026201
0.015301,-0.88232,-0.0010244,0.0052173,-0.89638,0.01592,-0.88849,-0.011213,0.011557,0.0054151,-0.004112,-0.0022432,0.01004,-0.90437,0.016953,-0.0011716,0.0074175,0.003295,-0.8918,-0.022505
-0.0079757,-0.67009,-0.0033668,0.00061049,-0.66799,-0.012078,-0.67461,0.0095173,-0.0071688,0.014849,-0.00026812,-0.01049,0.0040729,-0.66111,0.015345,0.00053492,-0.013616,-0.011075,-0.66536,0.012334
0.0036984,0.88502,0.00070697,0.030297,0.88973,-0.0060307,0.89234,-0.015616,-0.003581,0.0072082,-0.0006355,0.0026934,0.0067279,0.89984,0.0059041,0.018053,-0.016107,-0.0018008,0.90028,-0.0052466
-0.010173,-1.074,-0.012337,0.014642,-1.0792,0.015386,-1.0833,-0.00027079,-0.0059527,0.012587,-0.011896,0.0056321,0.017407,-1.0809,-0.0039071,-0.0030393,-0.0079416,0.0010231,-1.058,0.016736
0.00025032,0.38812,0.00017388,-0.0077624,0.38673,0.0022032,0.36795,0.018452,-0.00052972,-0.0030201,-0.0098996,0.0010112,-0.0055119,0.40535,0.004091,-0.0031316,0.0083509,-0.017886,0.39138,-0.012726
0.011822,0.41446,-0.0073348,-0.011754,0.42505,-0.00093659,0.41944,0.0071954,0.013945,0.0028589,0.0052851,-0.0082967,0.0033648,0.42325,-0.0079359,-0.012469,0.00079368,-0.0014826,0.408,-0.0036526
-0.010981,1.7323,-0.0050788,0.010075,1.7497,-0.016806,1.7556,-0.030542,0.0049004,0.010463,-0.013052,0.0048991,-0.013389,1.7453,0.0099016,-0.009594,0.0027926,0.010243,1.761,-0.010708
0.0039423,1.3031,-0.003975,-0.023454,1.2864,-0.013252,1.2869,0.014517,-0.0028337,-6.2499e-006,0.0044595,-0.0099575,-0.0028955,1.2962,0.0036086,0.0082388,0.0011034,0.013341,1.3068,0.011737
-0.019077,-2.0622,-0.008947,-0.0094487,-2.0846,0.0081737,-2.0783,0.0071093,0.016257,8.7355e-005,0.026752,0.0052343,0.0015744,-2.0843,0.0037787,0.021334,-0.016344,0.0083458,-2.0758,-0.0037847
0.017856,-0.61654,0.0030515,-0.010337,-0.62167,-0.015416,-0.60865,-0.015036,0.00046416,-0.014662,-0.0026765,0.0074249,-0.0070748,-0.60607,0.0047127,0.0024435,-0.0057769,-0.0062697,-0.60875,-0.02269
0.011239,1.5118,0.0061718,-0.010426,1.5192,0.009671,1.5069,-0.0086504,-0.00072193,-0.012523,-0.0054221,-0.017768,0.0036413,1.4977,0.0074998,0.011574,0.0086936,0.009773,1.4762,0.010176
-0.020118,-0.9316,-0.0043212,-0.015471,-0.91127,-0.0010402,-0.92766,0.0073219,-0.0076277,-0.017123,-0.01369,-0.0042948,-0.0035301,-0.94712,-0.010678,-0.0026677,0.0014673,0.019125,-0.92847,0.00042887
-0.0075519,-0.48234,0.012528,0.0053823,-0.4943,0.0047931,-0.4745,-0.021508,-0.010292,0.010911,0.00024288,0.011132,0.0013731,-0.47462,0.0059023,0.0097589,-0.0040083,-0.0098218,-0.49803,0.027532
-0.010221,-0.61664,0.013085,-0.0078358,-0.59089,-0.0075404,-0.61589,0.0012311,-0.0040259,-0.021639,0.0071977,0.00028592,0.0069323,-0.62367,0.013635,0.012718,-0.002658,0.020276,-0.59449,0.01277
0.0021855,-1.2895,0.0012054,-0.0077276,-1.2768,0.010307,-1.293,-0.0024292,-0.00040887,0.0052159,-0.007629,-0.0006807,-0.014183,-1.2755,0.0069311,0.0035298,-0.0054593,0.0045315,-1.2871,-0.017379
-0.014581,0.65068,0.0081654,0.0091398,0.63335,-0.018391,0.65732,-0.0033589,-0.0028137,-0.00069366,-0.0034886,-0.0039394,0.011942,0.65499,-0.016449,0.011264,0.0011448,0.0096474,0.66599,0.0067186
-0.015477,0.59623,0.011631,-0.0033601,0.61575,0.018129,0.59713,-0.0069166,-0.0039388,-0.0068848,-0.010875,0.011583,0.0043702,0.59397,0.0047773,-0.0013343,0.0049017,0.0059318,0.59264,0.0079953
-0.0031691,0.5753,-0.0009551,0.0061481,0.58587,-0.00059092,0.59454,-0.0013242,0.011609,-0.00022607,0.0086058,-0.0022245,-0.0028525,0.59289,0.014419,-0.0001574,0.004764,-0.0083224,0.57515,-0.011246
-0.00066114,-0.43084,-0.015889,0.0046634,-0.40843,-0.019852,-0.39399,-0.011426,-0.0044017,-0.0043312,-0.0081043,-0.0028997,0.0040483,-0.40885,-0.011634,-0.00071274,-0.014473,-0.0019861,-0.4031,0.0014137
0.0012846,-0.2781,-0.0073864,-0.0039796,-0.28777,0.02453,-0.29777,-0.0037192,-0.0038361,0.0059317,0.0092751,0.010571,0.011036,-0.28669,-0.013754,0.00075731,0.00077615,0.0038369,-0.27501,0.0011964
-0.016658,1.6972,-0.010091,0.0023578,1.6991,-0.0038602,1.6976,-0.0016992,0.023519,-0.012812,0.01075,-0.00029019,-0.0033115,1.6774,0.0013519,-0.0033425,0.012828,0.005658,1.687,0.0034769
-0.0023432,0.088101,0.013402,0.015078,0.085321,-0.004112,0.078597,0.0021713,-0.0032902,-0.0094782,-0.024094,0.017342,-0.017004,0.090767,-0.0058658,0.0029591,0.0076381,-0.0064604,0.071405,0.0010246
0.0022552,-2.0766,0.0037873,-0.00018294,-2.0817,0.0080966,-2.084,0.0087886,-0.0055205,0.013628,0.013854,-0.0028703,0.0078469,-2.0992,-0.014847,-0.014124,0.012161,0.0022846,-2.0653,0.0070213
-0.005943,0.68862,0.026402,0.0042379,0.71154,-0.005116,0.69908,-0.010729,0.0087415,-0.017485,-0.01203,-0.0017029,0.0047377,0.68651,-0.011011,0.0041063,-0.0028732,-0.023847,0.69709,-0.001398
-0.0027973,-1.1333,-0.012137,-0.0012624,-1.1256,0.025433,-1.1203,-0.0056742,0.017224,0.015755,-0.0059166,0.0043866,0.0050036,-1.1416,-0.0057312,0.0042615,0.016518,-0.013583,-1.1419,-0.00093275
0.00049226,-0.21706,0.0083897,-0.0073848,-0.23498,0.011978,-0.20909,-0.01394,0.0014855,0.01573,-0.0052625,-0.012385,-0.0047659,-0.21232,0.0062788,0.010823,-0.0041341,-0.00995,-0.20226,0.0070852
-0.0054668,-0.29466,0.016051,0.012184,-0.31654,-0.010981,-0.29441,-0.0091798,0.013385,-0.0098578,0.005916,0.0026261,-0.014682,-0.28339,-0.0020993,-0.013848,0.010907,0.0016124,-0.30356,0.0055645
0.012811,0.43575,-0.0080636,-0.0056196,0.43903,-0.0015465,0.43485,0.010507,-0.014294,0.012256,-0.013791,-0.004719,-0.0038785,0.43509,-0.0027822,0.0045924,-0.0026327,0.0084378,0.44827,0.0030915
-0.0046243,-0.71439,0.0057342,0.018077,-0.76598,0.01586,-0.72564,0.026604,-0.0044562,-0.0062572,-0.0074699,-0.01145,0.01339,-0.73265,-0.0085176,-0.017024,-0.0032816,-0.0045947,-0.73396,-0.0046795
0.0058615,0.56904,0.011319,0.0054041,0.58392,-0.011431,0.59766,-0.0084879,0.0076329,-0.011084,0.0093902,-0.019174,-0.01064,0.58834,0.0050176,0.0053499,-0.0017349,0.00038139,0.59315,0.0045101
0.0023785,-0.12983,-0.0090587,-0.00054162,-0.14236,-0.0045121,-0.13533,0.0017444,-0.0070136,-0.016519,0.0062763,0.010349,0.010264,-0.13178,-0.0073309,-0.005873,0.0041245,0.0094502,-0.11237,-0.0010994
0.011811,-0.58744,-0.0045296,-0.013492,-0.58217,0.018549,-0.58359,-0.0056916,0.0088441,0.0034472,0.0094551,-0.0013424,0.015032,-0.58624,-0.015357,0.0075156,0.0064255,0.012001,-0.58483,0.0067495
0.016101,-0.21853,-0.0041766,-0.006289,-0.22526,0.00016165,-0.22964,-0.018604,0.0069901,-0.0061296,0.0069694,7.2642e-005,-0.0033349,-0.21899,-0.0082288,-0.0053664,0.00068854,0.00012969,-0.22847,0.010584
-0.0030476,-1.1307,-0.0094771,-0.013184,-1.1351,0.011827,-1.1351,0.0032851,0.0027215,0.010742,0.00096169,-0.0063284,0.0046932,-1.127,0.021924,-0.0026964,0.01418,-0.00073793,-1.1462,0.014993
0.0063681,0.81126,-0.018572,-0.0083005,0.8055,0.0039471,0.79998,0.014857,0.012766,0.0037076,-0.0048527,0.0023184,-0.01452,0.79947,0.016136,-0.0045637,-0.0011155,0.0084231,0.81941,0.0085538
-0.005728,-1.3264,0.010364,-0.0046888,-1.3493,0.0058235,-1.3302,0.0054144,-0.0072041,0.012169,-0.0067217,-0.0028255,-0.0047819,-1.3132,-0.011833,-0.00097165,0.0013098,-0.016412,-1.3298,0.0062785
0.0085416,0.78054,0.0045187,-0.010004,0.77481,-0.0088097,0.76735,-0.016132,0.0020981,-0.00041566,-0.0048615,-0.0104,0.012802,0.77442,-0.014836,-0.014066,0.027144,0.0038307,0.79651,-0.0078466
0.014047,1.5926,0.0012665,0.0073103,1.5813,-0.0044128,1.5846,-0.0050516,0.0088125,0.0078143,0.012157,0.023125,-0.0085691,1.5836,0.0028287,0.007915,-0.017933,-0.011884,1.5796,0.0079046
0.015885,-0.88373,0.013843,-0.026815,-0.8739,-0.015056,-0.86763,0.011703,-0.0057655,0.0017166,-0.0058217,0.001108,-0.0032443,-0.89149,-0.005486,0.01095,0.015519,-0.003298,-0.88298,0.0079731
-0.008433,0.48018,0.0061104,-0.0019292,0.44769,-0.0004695,0.48746,-0.0056408,0.0055265,0.00065586,-0.0045317,-0.016753,0.00052688,0.47234,-0.0088782,-0.010902,-0.012944,0.015669,0.47186,0.026744
-0.0002994,-0.073638,0.0092834,-0.0028371,-0.077581,0.0072581,-0.073603,0.016607,-0.00090187,-0.011347,0.00049284,-0.0013578,-0.0087707,-0.066188,0.0029969,-0.0082715,0.007872,0.001177,-0.070389,-0.0055923
